AdjacencyGraph
512
3072
0
6
12
18
24
30
36
42
48
54
60
66
72
78
84
90
96
102
108
114
120
126
132
138
144
150
156
162
168
174
180
186
192
198
204
210
216
222
228
234
240
246
252
258
264
270
276
282
288
294
300
306
312
318
324
330
336
342
348
354
360
366
372
378
384
390
396
402
408
414
420
426
432
438
444
450
456
462
468
474
480
486
492
498
504
510
516
522
528
534
540
546
552
558
564
570
576
582
588
594
600
606
612
618
624
630
636
642
648
654
660
666
672
678
684
690
696
702
708
714
720
726
732
738
744
750
756
762
768
774
780
786
792
798
804
810
816
822
828
834
840
846
852
858
864
870
876
882
888
894
900
906
912
918
924
930
936
942
948
954
960
966
972
978
984
990
996
1002
1008
1014
1020
1026
1032
1038
1044
1050
1056
1062
1068
1074
1080
1086
1092
1098
1104
1110
1116
1122
1128
1134
1140
1146
1152
1158
1164
1170
1176
1182
1188
1194
1200
1206
1212
1218
1224
1230
1236
1242
1248
1254
1260
1266
1272
1278
1284
1290
1296
1302
1308
1314
1320
1326
1332
1338
1344
1350
1356
1362
1368
1374
1380
1386
1392
1398
1404
1410
1416
1422
1428
1434
1440
1446
1452
1458
1464
1470
1476
1482
1488
1494
1500
1506
1512
1518
1524
1530
1536
1542
1548
1554
1560
1566
1572
1578
1584
1590
1596
1602
1608
1614
1620
1626
1632
1638
1644
1650
1656
1662
1668
1674
1680
1686
1692
1698
1704
1710
1716
1722
1728
1734
1740
1746
1752
1758
1764
1770
1776
1782
1788
1794
1800
1806
1812
1818
1824
1830
1836
1842
1848
1854
1860
1866
1872
1878
1884
1890
1896
1902
1908
1914
1920
1926
1932
1938
1944
1950
1956
1962
1968
1974
1980
1986
1992
1998
2004
2010
2016
2022
2028
2034
2040
2046
2052
2058
2064
2070
2076
2082
2088
2094
2100
2106
2112
2118
2124
2130
2136
2142
2148
2154
2160
2166
2172
2178
2184
2190
2196
2202
2208
2214
2220
2226
2232
2238
2244
2250
2256
2262
2268
2274
2280
2286
2292
2298
2304
2310
2316
2322
2328
2334
2340
2346
2352
2358
2364
2370
2376
2382
2388
2394
2400
2406
2412
2418
2424
2430
2436
2442
2448
2454
2460
2466
2472
2478
2484
2490
2496
2502
2508
2514
2520
2526
2532
2538
2544
2550
2556
2562
2568
2574
2580
2586
2592
2598
2604
2610
2616
2622
2628
2634
2640
2646
2652
2658
2664
2670
2676
2682
2688
2694
2700
2706
2712
2718
2724
2730
2736
2742
2748
2754
2760
2766
2772
2778
2784
2790
2796
2802
2808
2814
2820
2826
2832
2838
2844
2850
2856
2862
2868
2874
2880
2886
2892
2898
2904
2910
2916
2922
2928
2934
2940
2946
2952
2958
2964
2970
2976
2982
2988
2994
3000
3006
3012
3018
3024
3030
3036
3042
3048
3054
3060
3066
59
174
236
306
328
444
202
222
298
392
413
471
12
17
289
317
366
453
32
37
44
165
296
349
48
67
164
202
392
433
55
108
209
319
377
458
108
209
213
216
387
406
76
88
200
414
447
497
172
236
319
354
458
485
40
139
212
401
414
496
38
170
263
310
333
378
186
222
257
454
471
489
2
233
295
339
439
456
90
91
101
124
181
225
18
34
36
99
172
282
28
171
226
340
432
440
118
156
249
320
370
400
2
31
259
295
323
508
14
21
203
230
251
269
62
113
214
235
301
372
191
348
379
380
437
502
18
172
236
328
331
385
27
117
157
178
435
482
69
120
123
147
199
261
80
186
322
332
350
443
71
93
273
291
364
475
142
154
195
316
438
463
22
218
345
424
480
501
15
182
251
267
272
288
36
155
172
279
354
421
35
49
58
69
242
469
17
81
134
274
382
384
3
113
207
235
260
355
57
60
298
314
334
471
14
135
269
358
447
495
30
119
198
216
386
429
14
29
76
343
366
447
3
113
144
294
373
483
10
122
220
348
379
487
140
144
221
292
294
388
9
141
161
205
211
451
49
69
194
261
312
352
60
65
204
280
443
459
130
158
161
262
424
480
3
119
207
383
429
506
107
134
179
277
343
476
59
207
216
355
387
429
97
116
131
311
321
389
4
106
185
226
440
486
30
41
198
391
458
485
102
209
213
256
399
509
62
193
235
355
387
505
117
191
303
327
380
435
129
188
232
442
456
460
141
190
196
308
451
461
5
94
118
390
419
452
190
279
307
309
397
445
33
263
310
356
394
422
30
174
236
245
385
485
0
46
208
242
469
492
33
42
114
241
324
356
64
138
154
316
403
430
19
51
151
252
305
470
214
235
293
324
426
505
61
84
187
232
309
460
42
148
244
264
356
361
191
337
363
368
379
493
4
226
275
284
340
373
94
100
227
367
419
507
23
30
41
245
315
386
109
194
265
271
277
352
25
207
213
235
387
426
185
224
286
397
474
486
232
354
377
391
442
458
78
163
210
286
474
500
100
122
126
338
365
507
7
36
152
279
307
339
184
317
327
380
417
437
74
109
277
411
465
476
89
112
147
338
415
465
24
192
255
330
336
398
31
110
183
292
323
477
87
182
230
251
291
475
113
233
260
275
301
373
64
223
249
252
370
470
107
134
176
290
346
384
89
160
362
415
468
491
82
171
189
238
340
383
7
190
299
307
451
498
79
86
127
246
247
283
13
169
401
411
476
496
13
215
338
365
411
465
193
306
318
326
444
479
25
137
293
310
333
426
55
68
108
121
353
406
165
195
242
316
359
492
111
153
192
330
457
464
47
100
215
365
390
419
306
318
328
329
331
347
14
135
230
289
290
366
68
75
97
150
281
353
13
169
346
348
487
502
50
254
289
395
408
453
128
275
299
301
376
498
119
238
259
270
383
499
138
154
201
265
271
313
48
115
222
375
392
454
45
85
181
240
258
282
5
6
94
208
367
469
70
78
210
297
321
511
81
253
312
357
384
408
96
199
350
359
443
459
79
124
181
248
258
283
19
32
37
83
305
494
60
197
296
298
449
459
106
127
192
336
474
486
47
145
156
212
371
400
22
52
218
239
466
477
16
55
131
311
377
405
35
44
104
253
395
408
23
150
167
244
353
361
94
208
227
287
407
504
38
75
124
170
225
473
23
143
180
244
264
386
13
112
122
338
487
489
320
327
417
435
490
503
75
170
246
281
347
418
89
115
186
222
350
362
103
182
288
364
393
475
53
138
162
166
416
430
43
417
436
455
478
503
47
118
341
400
419
448
139
184
414
417
478
497
145
149
156
175
268
482
31
45
85
234
360
508
34
99
219
342
404
509
233
275
284
307
339
498
93
220
273
363
379
437
61
105
129
232
369
391
9
132
161
345
409
424
39
164
173
206
382
433
40
54
212
243
371
431
26
187
309
326
444
445
123
253
337
357
381
449
37
39
166
206
430
494
116
133
210
321
398
500
255
308
326
461
479
481
23
79
150
245
247
511
65
204
287
368
407
493
133
210
297
369
441
464
100
120
147
215
322
338
62
214
396
412
481
505
76
179
313
343
351
425
96
285
316
359
403
463
26
61
105
224
309
397
29
159
265
277
313
343
16
116
133
231
311
423
22
221
292
441
477
501
43
178
435
462
467
503
155
172
240
282
385
485
86
174
245
247
250
315
40
43
139
325
434
478
129
183
292
369
388
441
74
179
375
401
402
476
4
140
228
294
300
373
3
95
355
429
483
488
129
144
292
295
323
456
120
215
217
261
268
390
200
201
223
249
400
448
90
101
218
234
345
409
10
122
126
229
257
489
15
87
203
251
468
491
8
14
21
29
159
358
140
221
300
427
480
501
0
58
160
195
242
468
133
231
278
330
398
464
85
189
238
248
258
499
189
228
383
394
499
506
22
158
221
241
278
480
45
152
163
185
286
360
123
217
261
302
312
357
13
107
112
346
465
476
28
82
128
260
275
340
81
162
302
312
352
416
77
132
342
404
409
450
48
72
179
375
425
433
11
24
127
246
336
418
64
142
305
316
470
492
53
237
249
252
320
490
87
176
177
202
413
491
54
56
88
200
223
484
20
52
66
239
256
335
80
96
115
350
463
472
51
92
208
470
492
504
41
70
240
245
485
511
26
95
174
250
432
444
54
200
212
341
400
414
114
221
241
294
300
457
35
49
254
312
408
416
23
111
247
264
315
361
7
168
190
196
279
421
105
168
232
279
309
354
1
4
189
228
340
440
18
171
238
258
282
385
42
148
324
396
420
505
40
243
375
401
434
454
140
144
233
284
295
373
32
44
46
71
291
395
59
108
121
193
306
387
5
6
50
237
254
452
74
109
145
149
271
472
40
257
325
428
431
454
9
116
141
196
389
500
6
50
71
273
363
395
19
63
151
455
467
503
91
97
150
167
321
511
6
35
46
254
395
469
167
180
239
244
335
466
27
117
169
274
380
502
135
220
230
269
273
475
38
137
219
333
342
473
39
157
173
178
197
510
1
11
106
127
283
440
84
168
190
309
326
461
72
154
271
403
463
472
13
122
348
365
495
496
15
48
67
267
425
438
68
121
281
306
347
479
164
177
202
296
298
349
170
329
333
344
347
473
18
82
99
219
238
270
156
175
370
371
374
462
53
64
73
138
201
249
12
83
136
206
436
494
134
169
274
346
402
476
19
32
51
63
71
364
0
8
21
58
367
469
188
209
377
399
405
442
87
104
176
203
230
290
117
191
217
337
357
502
107
159
194
277
415
465
60
178
197
280
334
467
30
59
95
174
315
429
141
205
336
398
474
500
65
120
123
217
337
493
58
69
147
160
194
415
89
126
186
322
338
489
89
147
160
199
322
350
112
176
346
381
413
487
16
84
168
188
232
377
160
195
350
359
362
463
18
28
82
171
328
329
62
84
188
372
412
460
110
119
143
386
499
506
102
198
209
216
442
458
80
146
332
371
374
431
50
191
327
363
437
452
11
170
211
344
378
418
107
112
176
203
415
491
17
104
289
290
384
408
32
83
182
291
349
364
23
41
167
180
297
511
43
314
325
334
455
467
10
57
413
471
487
489
65
123
199
446
449
459
70
105
155
354
391
485
308
318
344
347
418
479
28
226
275
299
307
445
133
167
297
311
321
466
18
34
219
329
331
473
104
230
273
289
291
395
70
105
210
224
286
369
28
318
328
432
444
445
25
137
213
219
270
509
31
218
234
304
477
501
67
83
103
136
182
267
341
358
365
419
495
507
45
70
78
155
240
286
175
178
280
462
482
510
29
56
76
200
201
313
42
241
278
330
396
457
100
126
227
287
322
332
14
107
159
203
290
343
89
112
222
413
489
491
67
136
206
351
425
433
153
294
388
457
483
488
72
74
179
271
277
313
121
148
281
353
361
420
28
128
299
318
329
344
2
99
102
259
270
509
85
99
238
259
282
508
25
82
207
260
270
383
39
81
157
162
166
382
63
93
314
364
393
455
37
39
164
197
285
296
12
17
166
206
351
382
3
114
228
294
488
506
109
149
261
268
302
352
1
33
114
228
300
394
88
103
267
288
428
484
164
173
197
298
334
392
19
83
103
364
436
455
180
183
297
441
466
477
52
311
335
405
423
466
274
346
357
381
384
502
62
113
187
355
460
483
0
92
98
208
227
367
56
76
88
136
267
425
54
146
266
428
431
484
56
64
142
154
201
223
10
57
93
314
368
379
47
118
156
268
303
390
41
110
180
183
198
386
105
152
155
279
286
397
33
262
293
310
324
378
69
160
199
242
359
446
26
61
95
153
187
483
2
77
399
404
439
509
92
98
266
272
288
484
5
8
358
367
419
448
16
125
188
405
412
423
47
109
145
215
268
411
24
150
246
247
281
361
17
81
166
408
416
453
60
63
204
314
368
467
161
211
262
376
378
410
92
142
146
223
470
484
52
77
125
256
399
405
0
21
98
251
272
468
98
229
251
269
288
475
80
96
175
280
374
443
21
98
269
358
367
507
24
255
281
418
420
479
10
93
220
229
393
475
33
241
262
300
410
480
191
217
303
390
452
493
80
115
186
243
431
454
66
143
239
244
356
422
75
79
91
124
150
246
12
76
136
351
366
497
15
67
87
182
202
349
131
196
276
389
421
450
135
184
220
348
437
495
36
45
152
155
282
508
229
257
266
288
393
428
27
139
169
401
402
434
85
101
181
234
248
304
98
126
227
229
266
507
20
38
101
225
342
409
3
228
260
340
373
383
24
111
127
192
247
250
152
284
295
339
360
508
41
70
183
297
369
391
94
100
120
287
390
493
8
29
73
201
265
448
32
46
51
165
305
492
57
60
65
337
368
449
110
143
180
239
304
477
34
172
276
319
331
421
95
111
153
250
315
488
134
179
351
382
402
433
65
120
199
287
322
443
86
127
250
432
440
486
66
137
213
256
406
426
25
128
235
260
293
301
75
91
97
225
276
389
2
36
99
339
404
508
68
108
236
306
319
331
66
148
310
324
356
426
138
149
162
271
352
403
16
84
231
412
461
481
116
141
231
255
398
461
19
252
436
490
494
503
37
67
83
164
206
349
231
255
330
396
420
481
106
163
185
205
427
474
103
325
393
428
455
478
5
73
118
237
249
448
10
257
314
325
393
471
20
38
66
137
310
422
20
52
77
218
409
424
143
248
304
394
422
499
31
140
292
295
360
501
44
87
104
177
291
349
31
85
110
259
304
499
21
58
159
203
415
468
35
69
123
253
312
446
6
46
51
71
208
407
39
162
285
403
430
510
47
212
341
365
411
496
55
97
167
311
335
353
49
73
138
265
352
416
1
4
106
300
410
427
128
293
333
344
376
378
57
177
298
381
413
449
102
119
207
213
216
270
151
204
280
374
462
467
56
72
154
313
425
438
80
145
175
243
371
472
50
237
317
327
453
490
16
116
131
168
196
461
9
90
163
205
345
500
163
234
345
360
427
501
61
153
224
369
388
464
135
184
317
366
447
497
118
237
303
320
327
452
6
94
363
407
452
493
121
148
387
406
426
505
102
110
119
198
259
323
139
169
184
348
380
496
325
334
392
434
454
471
78
90
91
321
389
500
151
252
320
370
462
503
1
189
248
263
283
394
7
9
132
196
450
451
79
86
240
245
258
385
129
183
198
323
391
442
77
125
130
132
424
439
126
186
257
266
332
431
55
68
97
131
276
319
204
287
332
374
443
504
29
200
341
358
447
448
57
337
379
381
487
502
156
303
320
435
462
482
27
43
139
380
417
435
152
185
226
284
307
397
63
71
93
363
368
407
173
375
392
402
433
434
211
299
308
344
376
451
35
44
46
165
242
446
61
129
144
388
460
483
141
211
255
308
336
418
15
195
272
362
438
468
4
140
185
284
360
427
161
205
345
410
427
480
22
52
125
158
423
424
130
233
301
372
439
498
20
77
137
256
342
509
26
226
397
432
445
486
12
317
417
436
490
497
15
48
202
222
362
491
149
157
162
302
482
510
53
73
237
254
416
453
24
42
111
330
361
420
0
92
142
195
272
492
56
142
267
272
438
484
264
315
386
429
488
506
7
34
36
404
421
450
131
168
319
354
377
421
114
143
264
356
394
506
184
341
414
447
495
496
40
54
88
414
428
478
55
209
256
335
405
406
2
102
323
399
442
456
11
106
205
211
336
410
130
214
262
293
301
376
12
53
166
453
490
494
96
197
280
285
459
510
5
8
49
73
254
469
42
111
114
264
457
488
53
64
252
305
430
494
54
146
223
370
371
400
158
231
278
396
412
423
26
153
192
224
250
486
96
149
175
403
472
510
78
79
91
181
240
511
117
217
268
302
303
482
158
214
241
262
324
396
86
171
174
328
385
432
30
59
108
216
236
458
62
84
187
193
326
481
1
11
33
263
378
410
192
210
224
398
464
474
122
220
229
269
495
507
72
74
115
243
375
472
25
82
128
219
329
333
45
78
90
163
181
234
81
117
157
274
302
357
130
132
161
376
451
498
92
146
227
266
332
504
27
43
173
178
334
434
146
151
370
374
470
504
22
133
278
423
441
466
37
165
285
305
316
430
190
299
308
318
326
445
8
49
58
159
194
265
48
72
115
362
438
463
38
101
124
248
263
422
165
285
296
359
446
459
11
124
170
246
263
283
125
188
372
399
439
456
86
171
189
258
283
440
59
95
187
193
355
444
66
148
244
335
353
406
113
144
233
372
456
460
34
225
276
342
450
473
9
90
225
389
409
450
7
132
339
404
439
498
88
103
136
436
478
497
104
176
177
253
381
384
74
145
212
243
401
411
27
157
173
274
382
402
20
101
218
239
304
422
125
130
158
214
372
412
121
193
420
479
481
505
51
63
151
204
407
504
44
177
253
296
446
449
68
75
276
331
347
473
17
134
290
343
351
366
50
135
273
289
317
437
221
278
388
441
457
464
109
147
194
215
261
465
