AdjacencyGraph
343
2058
0
6
12
18
24
30
36
42
48
54
60
66
72
78
84
90
96
102
108
114
120
126
132
138
144
150
156
162
168
174
180
186
192
198
204
210
216
222
228
234
240
246
252
258
264
270
276
282
288
294
300
306
312
318
324
330
336
342
348
354
360
366
372
378
384
390
396
402
408
414
420
426
432
438
444
450
456
462
468
474
480
486
492
498
504
510
516
522
528
534
540
546
552
558
564
570
576
582
588
594
600
606
612
618
624
630
636
642
648
654
660
666
672
678
684
690
696
702
708
714
720
726
732
738
744
750
756
762
768
774
780
786
792
798
804
810
816
822
828
834
840
846
852
858
864
870
876
882
888
894
900
906
912
918
924
930
936
942
948
954
960
966
972
978
984
990
996
1002
1008
1014
1020
1026
1032
1038
1044
1050
1056
1062
1068
1074
1080
1086
1092
1098
1104
1110
1116
1122
1128
1134
1140
1146
1152
1158
1164
1170
1176
1182
1188
1194
1200
1206
1212
1218
1224
1230
1236
1242
1248
1254
1260
1266
1272
1278
1284
1290
1296
1302
1308
1314
1320
1326
1332
1338
1344
1350
1356
1362
1368
1374
1380
1386
1392
1398
1404
1410
1416
1422
1428
1434
1440
1446
1452
1458
1464
1470
1476
1482
1488
1494
1500
1506
1512
1518
1524
1530
1536
1542
1548
1554
1560
1566
1572
1578
1584
1590
1596
1602
1608
1614
1620
1626
1632
1638
1644
1650
1656
1662
1668
1674
1680
1686
1692
1698
1704
1710
1716
1722
1728
1734
1740
1746
1752
1758
1764
1770
1776
1782
1788
1794
1800
1806
1812
1818
1824
1830
1836
1842
1848
1854
1860
1866
1872
1878
1884
1890
1896
1902
1908
1914
1920
1926
1932
1938
1944
1950
1956
1962
1968
1974
1980
1986
1992
1998
2004
2010
2016
2022
2028
2034
2040
2046
2052
92
98
174
190
242
269
31
73
113
183
201
274
17
50
237
240
282
317
11
116
163
212
286
311
12
16
116
175
303
314
55
103
182
254
326
341
33
94
103
216
270
326
76
130
132
279
309
336
35
49
197
288
319
332
131
196
226
250
325
336
19
57
188
229
275
333
3
92
205
242
284
305
4
60
188
272
295
327
31
100
181
225
231
274
58
69
135
282
317
342
45
91
120
194
215
240
4
57
145
188
205
249
2
31
102
107
113
181
174
203
219
222
269
324
10
23
32
264
298
308
42
135
217
285
337
342
58
135
222
242
269
285
37
43
62
86
139
157
19
30
69
120
194
244
31
73
85
102
110
254
82
93
106
138
287
291
52
153
165
192
197
340
37
64
139
142
153
204
52
128
210
271
302
303
49
155
165
197
255
265
23
32
83
172
236
257
1
13
17
24
56
252
19
30
44
141
275
278
6
97
146
154
213
273
77
111
159
172
191
236
8
51
83
216
253
257
155
195
197
277
332
340
22
27
162
171
214
292
80
190
243
269
285
337
66
135
269
324
335
337
48
67
199
205
249
305
49
123
155
167
261
332
20
54
122
143
180
304
22
89
130
186
250
336
32
46
51
189
207
257
15
60
63
234
266
295
44
221
235
278
294
301
118
127
131
226
293
321
40
116
168
212
237
314
8
29
41
182
253
312
2
99
102
118
256
293
35
44
96
104
141
158
26
28
117
133
184
327
129
166
188
249
295
333
42
101
235
239
294
342
5
97
209
213
262
334
31
85
100
101
107
338
10
16
177
241
264
310
14
21
241
245
264
331
177
185
208
241
306
331
12
45
175
194
195
277
67
79
93
199
247
287
22
125
130
132
214
283
45
134
175
237
240
314
27
90
169
260
326
341
147
148
245
264
298
310
39
84
123
167
220
244
40
61
88
161
168
232
100
101
108
225
294
301
14
23
147
159
236
264
109
152
155
261
265
321
82
94
106
187
207
270
86
157
160
230
251
328
1
24
144
200
228
300
116
185
268
271
286
303
101
121
124
235
301
338
7
151
152
165
265
313
34
128
175
195
268
303
127
155
167
179
277
321
61
107
115
148
245
338
38
123
141
158
170
220
138
142
201
274
302
323
25
71
87
162
171
318
30
35
123
141
244
332
66
146
213
219
324
334
24
56
112
259
290
304
22
72
89
171
238
283
82
149
189
193
207
291
67
138
186
201
287
307
43
86
160
246
258
322
64
97
204
234
262
266
15
97
154
181
231
234
0
11
163
173
206
233
25
61
148
232
310
318
6
71
100
108
154
231
96
125
126
158
170
283
51
95
189
192
193
263
33
55
90
91
215
326
0
170
206
220
229
328
50
135
222
282
290
324
13
56
68
94
106
150
54
56
68
75
252
304
17
24
50
144
209
290
5
6
119
213
238
259
51
176
193
207
216
270
183
201
271
279
302
307
25
71
100
148
301
338
17
56
79
150
282
290
68
94
207
216
257
276
70
217
224
268
286
311
24
180
198
252
300
304
34
128
225
239
288
294
85
115
124
258
322
338
1
17
134
144
168
237
167
194
215
244
277
332
79
112
203
222
247
290
3
4
48
74
205
211
52
142
149
153
280
302
47
50
144
212
237
311
103
164
176
182
216
253
15
23
146
147
154
298
75
208
281
287
291
307
42
124
227
235
243
285
41
66
80
83
253
337
75
112
122
248
281
304
62
95
151
165
192
296
95
151
190
227
243
246
47
78
262
266
267
334
28
77
111
184
218
297
53
162
178
232
292
318
7
43
62
151
223
246
9
47
144
209
228
262
7
62
139
153
165
255
52
149
156
189
192
210
63
113
181
234
274
323
14
20
21
39
99
256
151
223
227
284
313
316
146
219
273
298
308
329
25
81
88
162
232
330
22
27
132
325
336
341
157
166
173
206
267
328
32
51
80
83
263
308
27
81
117
162
169
178
42
164
243
253
312
337
73
102
113
118
131
196
16
156
177
185
210
303
33
84
120
137
215
244
65
69
120
150
240
282
65
79
93
106
150
187
87
117
133
162
214
330
100
107
147
148
154
181
76
125
126
130
136
233
70
76
163
233
286
339
26
27
117
132
214
260
33
91
94
120
150
187
29
36
41
70
78
339
133
145
188
275
320
327
22
72
140
250
292
325
51
80
95
176
243
253
34
69
175
194
240
317
72
89
174
203
247
250
67
186
196
247
250
305
37
82
129
138
142
149
3
92
152
179
226
321
119
143
198
248
259
304
26
29
76
125
132
339
53
140
202
292
299
329
41
66
78
114
334
335
48
67
113
196
201
323
64
142
231
234
274
280
80
95
98
190
263
296
37
82
86
193
251
270
30
34
194
195
288
332
92
140
174
226
250
305
0
18
160
173
315
328
4
60
63
77
159
211
104
119
158
238
248
283
57
59
145
221
275
278
129
142
204
234
295
323
78
163
206
267
272
339
42
110
217
224
239
312
13
17
91
134
150
240
5
49
119
198
255
319
1
105
218
252
297
300
52
128
195
197
280
288
59
74
145
205
284
316
43
88
161
200
223
322
71
148
154
273
298
318
10
12
16
53
156
202
44
87
96
133
221
275
0
38
126
170
233
306
34
217
239
268
317
342
26
96
125
133
214
320
87
96
104
171
214
283
15
23
60
114
159
172
36
60
77
172
184
327
9
144
161
168
200
212
8
26
29
36
184
260
110
164
182
254
309
312
40
61
241
245
310
315
73
186
196
201
279
336
1
81
88
105
168
200
166
188
206
229
272
320
18
115
160
230
258
289
27
90
178
292
299
325
11
16
40
116
185
241
92
98
140
179
202
296
44
71
87
104
108
301
59
121
221
227
235
316
55
102
131
254
289
293
28
133
145
221
316
330
116
175
237
268
311
317
3
48
118
196
226
305
33
55
84
103
230
289
37
62
149
153
192
193
15
97
114
146
266
334
6
35
104
108
119
319
20
109
180
191
256
261
128
183
225
274
280
302
18
84
137
220
230
328
66
80
98
219
269
308
46
177
189
208
210
291
18
21
99
115
245
315
130
136
186
279
281
307
109
180
265
297
300
313
13
68
111
218
252
276
9
47
163
173
212
267
122
126
136
208
281
306
73
131
254
309
336
341
10
98
202
263
308
329
72
203
213
219
238
273
13
91
94
169
276
326
67
93
129
138
249
323
92
151
152
190
284
296
45
90
91
134
169
178
46
54
75
122
208
331
30
34
69
278
294
342
2
48
63
113
118
211
86
103
176
230
258
270
54
111
180
191
252
297
2
15
63
147
159
181
57
58
59
199
205
242
0
11
21
241
306
315
38
122
126
143
158
248
23
66
83
114
146
308
58
65
79
199
222
282
89
126
130
248
281
283
61
115
160
161
315
322
124
164
176
243
246
258
16
40
53
232
310
314
9
43
157
160
161
173
72
171
273
292
318
329
31
101
110
183
225
239
35
49
119
123
143
158
5
24
198
209
228
259
29
132
182
260
309
341
50
135
217
311
317
335
30
35
44
108
288
294
89
112
203
238
248
259
85
103
164
254
258
289
64
153
197
255
280
319
41
70
217
312
335
337
55
90
127
131
325
341
96
141
170
229
275
320
19
57
58
65
69
278
29
70
76
224
309
312
45
90
127
215
277
299
127
140
179
226
299
325
74
77
109
191
211
297
0
18
21
38
39
220
6
71
104
171
238
273
28
74
105
297
313
316
12
179
202
277
299
340
33
137
187
230
251
270
1
13
81
134
169
218
10
32
156
177
189
263
108
225
231
280
288
319
36
60
78
114
266
272
32
46
177
236
264
331
7
105
200
223
300
313
117
169
184
218
260
276
121
124
223
227
246
322
2
14
99
107
147
245
62
86
95
176
193
246
11
136
185
233
286
306
20
21
38
122
306
331
3
74
109
152
284
313
25
61
88
121
322
338
8
111
172
184
257
276
203
209
213
259
290
324
85
99
102
107
115
289
25
87
121
221
301
330
37
129
157
166
204
251
47
50
209
324
334
335
46
54
68
111
236
257
12
45
53
178
299
314
125
170
206
233
320
339
128
183
224
239
268
271
19
65
120
137
187
333
166
204
266
267
272
295
73
110
183
224
279
309
46
68
75
106
207
291
28
81
105
117
218
330
4
28
74
77
145
327
42
85
101
110
124
164
11
40
161
173
212
315
59
190
227
242
284
285
88
105
121
223
316
330
19
137
141
220
229
244
7
198
228
255
265
300
57
65
93
199
249
333
3
109
118
211
256
321
49
143
180
198
261
265
76
136
224
271
279
286
4
48
63
249
295
323
174
199
222
242
247
305
136
185
208
210
271
307
2
14
159
191
211
256
82
93
129
187
251
333
8
182
216
260
276
326
156
192
202
263
296
340
47
70
78
163
311
335
89
112
186
247
281
287
81
134
168
178
232
314
18
39
84
99
289
293
9
139
157
204
262
267
5
6
64
97
231
319
12
52
156
195
303
340
72
98
140
174
219
329
137
166
229
251
328
333
138
149
210
291
302
307
58
59
235
278
285
342
8
36
41
83
114
172
10
53
298
310
318
329
55
84
127
167
215
293
39
167
256
261
293
321
7
9
43
139
200
228
20
38
39
123
143
261
56
75
79
106
112
287
152
155
165
179
296
340
26
36
272
320
327
339
5
64
139
228
255
262
14
20
54
191
236
331
