AdjacencyGraph
216
1296
0
6
12
18
24
30
36
42
48
54
60
66
72
78
84
90
96
102
108
114
120
126
132
138
144
150
156
162
168
174
180
186
192
198
204
210
216
222
228
234
240
246
252
258
264
270
276
282
288
294
300
306
312
318
324
330
336
342
348
354
360
366
372
378
384
390
396
402
408
414
420
426
432
438
444
450
456
462
468
474
480
486
492
498
504
510
516
522
528
534
540
546
552
558
564
570
576
582
588
594
600
606
612
618
624
630
636
642
648
654
660
666
672
678
684
690
696
702
708
714
720
726
732
738
744
750
756
762
768
774
780
786
792
798
804
810
816
822
828
834
840
846
852
858
864
870
876
882
888
894
900
906
912
918
924
930
936
942
948
954
960
966
972
978
984
990
996
1002
1008
1014
1020
1026
1032
1038
1044
1050
1056
1062
1068
1074
1080
1086
1092
1098
1104
1110
1116
1122
1128
1134
1140
1146
1152
1158
1164
1170
1176
1182
1188
1194
1200
1206
1212
1218
1224
1230
1236
1242
1248
1254
1260
1266
1272
1278
1284
1290
53
80
90
93
174
190
59
65
148
161
192
212
17
62
91
134
178
204
49
72
76
169
184
197
29
65
86
161
196
200
55
73
97
162
182
198
9
33
81
119
154
181
10
27
50
57
189
208
29
41
114
125
157
185
6
13
37
52
94
123
7
17
161
192
196
204
27
50
116
155
163
197
33
81
121
124
203
206
9
102
107
165
181
185
34
48
120
155
163
183
62
91
97
159
194
213
121
133
137
166
168
206
2
10
31
50
76
109
40
61
115
139
203
211
32
70
92
118
137
141
39
42
49
58
135
143
65
78
79
125
149
212
57
82
171
173
199
214
34
54
83
120
142
146
88
110
116
173
179
214
87
93
133
168
174
180
48
64
155
160
169
197
7
11
89
166
168
177
36
43
53
86
89
177
4
8
31
76
184
195
54
69
140
142
145
210
17
29
102
128
161
185
19
44
46
47
144
151
6
12
103
120
146
183
14
23
111
159
180
198
38
56
83
94
123
179
28
88
116
167
184
197
9
59
81
139
176
212
35
40
108
113
139
176
20
41
99
125
149
201
18
38
83
136
142
210
8
39
49
129
167
184
20
118
162
164
182
205
28
131
150
152
158
187
32
75
141
156
170
207
55
60
73
90
175
190
32
121
124
156
192
204
32
92
134
170
196
204
14
26
153
182
198
205
3
20
41
153
157
182
7
11
17
102
178
181
68
80
104
141
190
207
9
66
119
125
185
212
0
28
88
126
158
214
23
30
101
162
198
205
5
45
85
117
129
215
35
99
101
108
201
209
7
22
59
102
161
177
20
70
78
118
147
149
1
37
57
131
199
208
45
88
126
129
184
195
18
74
82
106
136
199
2
15
63
77
96
191
62
73
97
134
170
175
26
73
90
174
180
198
1
4
21
71
151
187
52
84
123
127
130
186
75
97
105
162
164
213
51
85
100
145
188
210
30
118
137
147
205
206
19
58
72
151
152
187
65
79
104
148
200
207
3
70
86
89
92
196
5
45
63
64
98
169
61
87
121
133
156
203
44
67
112
144
145
188
3
17
29
134
157
196
62
128
138
175
193
194
21
58
122
143
144
151
21
71
100
127
130
188
0
51
136
140
158
210
6
12
37
122
132
208
22
61
87
93
138
193
23
35
40
101
111
211
66
105
115
194
211
213
55
68
101
105
162
201
4
28
72
126
184
187
25
74
82
96
189
191
24
36
53
60
90
209
27
28
72
152
160
197
0
45
64
88
110
117
2
15
103
109
183
202
19
47
72
98
160
169
0
25
82
110
136
214
9
35
99
107
154
176
170
175
190
193
200
207
62
87
156
170
193
204
5
15
63
67
202
215
73
92
141
170
174
190
39
56
94
135
150
167
68
79
104
108
149
201
54
56
83
85
117
210
13
31
50
57
116
173
33
91
119
124
164
213
51
71
100
126
158
187
67
84
85
130
188
215
61
115
148
156
193
207
13
94
116
163
167
179
38
56
100
150
158
210
17
91
119
157
181
185
24
90
93
111
138
180
34
83
110
117
172
179
75
115
124
156
203
213
38
131
136
158
199
214
8
129
130
186
195
215
18
84
106
112
127
188
11
24
36
102
107
177
55
90
101
111
198
209
19
42
58
69
144
145
6
52
103
109
122
143
14
23
33
154
205
206
12
16
46
74
189
208
78
81
119
124
192
212
9
35
66
139
165
211
12
46
103
112
122
144
8
21
39
52
130
143
53
60
86
104
190
200
66
79
115
139
148
212
31
77
171
173
186
195
41
55
60
114
201
209
66
79
105
114
125
201
43
59
113
166
176
177
81
147
154
166
176
206
16
25
74
136
140
142
2
47
63
76
169
202
20
99
147
153
154
205
40
61
80
93
113
133
16
19
69
140
152
160
77
82
110
172
173
191
18
37
38
123
127
199
30
80
133
137
141
174
19
44
51
98
140
145
23
30
40
133
203
206
20
78
119
125
157
164
32
75
78
118
124
164
30
68
75
118
141
162
23
33
159
203
211
213
58
69
132
135
150
152
1
71
106
127
171
199
21
39
58
100
150
187
43
99
108
147
149
176
32
65
70
78
192
196
43
70
89
137
147
166
48
49
135
163
167
197
6
94
120
132
135
163
11
14
26
168
178
180
44
46
74
96
106
112
8
49
76
109
143
202
43
53
80
104
108
113
15
34
146
172
183
191
26
89
92
137
168
174
1
4
10
31
57
171
5
42
54
67
85
145
11
14
107
153
154
181
42
67
103
143
144
202
13
123
172
173
179
186
16
27
131
132
152
208
36
41
99
107
153
209
16
25
27
155
160
189
3
26
73
92
134
182
44
47
63
95
96
98
22
128
148
161
193
200
111
138
159
165
194
211
22
24
102
128
138
165
0
25
64
98
140
160
45
63
77
95
195
215
37
38
94
131
132
150
27
28
57
116
131
214
2
50
155
183
189
191
24
35
107
111
165
209
25
34
64
110
155
191
6
13
50
109
163
183
5
42
48
49
169
202
14
33
91
159
178
181
3
29
36
41
60
86
8
13
31
52
109
186
66
114
128
165
185
194
43
65
70
86
104
149
68
75
79
105
115
207
7
87
121
168
178
204
0
45
51
95
98
126
62
87
138
159
178
180
1
10
46
122
151
208
77
82
95
96
106
171
15
77
84
172
186
215
29
60
114
128
175
200
4
10
47
72
76
151
3
11
26
36
89
153
5
34
48
54
64
117
22
59
61
113
139
148
4
71
95
126
171
195
39
56
85
100
129
130
91
97
134
157
164
182
12
18
74
112
142
146
2
10
46
47
96
189
42
48
54
69
120
135
12
16
69
120
132
142
44
51
71
95
106
188
7
59
81
121
166
192
56
88
117
129
167
179
30
40
68
80
101
108
18
83
84
123
146
172
1
21
37
52
122
127
15
67
84
103
112
146
22
24
53
93
113
177
55
97
105
114
175
194
