AdjacencyGraph
729
4374
0
6
12
18
24
30
36
42
48
54
60
66
72
78
84
90
96
102
108
114
120
126
132
138
144
150
156
162
168
174
180
186
192
198
204
210
216
222
228
234
240
246
252
258
264
270
276
282
288
294
300
306
312
318
324
330
336
342
348
354
360
366
372
378
384
390
396
402
408
414
420
426
432
438
444
450
456
462
468
474
480
486
492
498
504
510
516
522
528
534
540
546
552
558
564
570
576
582
588
594
600
606
612
618
624
630
636
642
648
654
660
666
672
678
684
690
696
702
708
714
720
726
732
738
744
750
756
762
768
774
780
786
792
798
804
810
816
822
828
834
840
846
852
858
864
870
876
882
888
894
900
906
912
918
924
930
936
942
948
954
960
966
972
978
984
990
996
1002
1008
1014
1020
1026
1032
1038
1044
1050
1056
1062
1068
1074
1080
1086
1092
1098
1104
1110
1116
1122
1128
1134
1140
1146
1152
1158
1164
1170
1176
1182
1188
1194
1200
1206
1212
1218
1224
1230
1236
1242
1248
1254
1260
1266
1272
1278
1284
1290
1296
1302
1308
1314
1320
1326
1332
1338
1344
1350
1356
1362
1368
1374
1380
1386
1392
1398
1404
1410
1416
1422
1428
1434
1440
1446
1452
1458
1464
1470
1476
1482
1488
1494
1500
1506
1512
1518
1524
1530
1536
1542
1548
1554
1560
1566
1572
1578
1584
1590
1596
1602
1608
1614
1620
1626
1632
1638
1644
1650
1656
1662
1668
1674
1680
1686
1692
1698
1704
1710
1716
1722
1728
1734
1740
1746
1752
1758
1764
1770
1776
1782
1788
1794
1800
1806
1812
1818
1824
1830
1836
1842
1848
1854
1860
1866
1872
1878
1884
1890
1896
1902
1908
1914
1920
1926
1932
1938
1944
1950
1956
1962
1968
1974
1980
1986
1992
1998
2004
2010
2016
2022
2028
2034
2040
2046
2052
2058
2064
2070
2076
2082
2088
2094
2100
2106
2112
2118
2124
2130
2136
2142
2148
2154
2160
2166
2172
2178
2184
2190
2196
2202
2208
2214
2220
2226
2232
2238
2244
2250
2256
2262
2268
2274
2280
2286
2292
2298
2304
2310
2316
2322
2328
2334
2340
2346
2352
2358
2364
2370
2376
2382
2388
2394
2400
2406
2412
2418
2424
2430
2436
2442
2448
2454
2460
2466
2472
2478
2484
2490
2496
2502
2508
2514
2520
2526
2532
2538
2544
2550
2556
2562
2568
2574
2580
2586
2592
2598
2604
2610
2616
2622
2628
2634
2640
2646
2652
2658
2664
2670
2676
2682
2688
2694
2700
2706
2712
2718
2724
2730
2736
2742
2748
2754
2760
2766
2772
2778
2784
2790
2796
2802
2808
2814
2820
2826
2832
2838
2844
2850
2856
2862
2868
2874
2880
2886
2892
2898
2904
2910
2916
2922
2928
2934
2940
2946
2952
2958
2964
2970
2976
2982
2988
2994
3000
3006
3012
3018
3024
3030
3036
3042
3048
3054
3060
3066
3072
3078
3084
3090
3096
3102
3108
3114
3120
3126
3132
3138
3144
3150
3156
3162
3168
3174
3180
3186
3192
3198
3204
3210
3216
3222
3228
3234
3240
3246
3252
3258
3264
3270
3276
3282
3288
3294
3300
3306
3312
3318
3324
3330
3336
3342
3348
3354
3360
3366
3372
3378
3384
3390
3396
3402
3408
3414
3420
3426
3432
3438
3444
3450
3456
3462
3468
3474
3480
3486
3492
3498
3504
3510
3516
3522
3528
3534
3540
3546
3552
3558
3564
3570
3576
3582
3588
3594
3600
3606
3612
3618
3624
3630
3636
3642
3648
3654
3660
3666
3672
3678
3684
3690
3696
3702
3708
3714
3720
3726
3732
3738
3744
3750
3756
3762
3768
3774
3780
3786
3792
3798
3804
3810
3816
3822
3828
3834
3840
3846
3852
3858
3864
3870
3876
3882
3888
3894
3900
3906
3912
3918
3924
3930
3936
3942
3948
3954
3960
3966
3972
3978
3984
3990
3996
4002
4008
4014
4020
4026
4032
4038
4044
4050
4056
4062
4068
4074
4080
4086
4092
4098
4104
4110
4116
4122
4128
4134
4140
4146
4152
4158
4164
4170
4176
4182
4188
4194
4200
4206
4212
4218
4224
4230
4236
4242
4248
4254
4260
4266
4272
4278
4284
4290
4296
4302
4308
4314
4320
4326
4332
4338
4344
4350
4356
4362
4368
6
7
174
208
306
677
33
178
373
440
471
643
35
404
408
556
562
682
91
158
303
310
393
537
67
226
300
432
441
615
42
65
119
250
381
514
0
216
363
469
591
703
0
342
525
627
631
648
91
316
401
523
537
645
398
414
500
527
539
591
93
263
333
338
597
717
119
233
334
381
673
711
88
295
323
439
497
560
181
225
348
379
534
536
170
193
236
461
468
489
28
422
440
524
637
722
156
168
249
535
542
640
177
270
362
654
716
725
203
269
331
383
567
714
64
214
576
600
616
628
363
407
437
502
607
661
87
203
331
367
583
605
157
311
392
435
466
640
31
120
150
246
253
386
111
172
211
350
397
443
93
219
266
291
333
473
142
185
463
486
620
698
375
424
501
586
715
728
15
288
544
593
613
665
155
249
290
343
448
535
69
86
102
216
469
650
23
152
180
357
562
705
165
170
193
235
552
723
1
314
462
467
554
695
131
276
495
553
585
596
2
69
216
386
395
533
57
159
245
359
619
692
349
403
523
616
638
645
487
516
540
543
561
622
210
464
510
544
613
726
243
417
451
478
555
590
98
257
339
614
631
689
5
114
204
255
420
559
79
164
490
514
603
688
207
446
506
508
553
585
105
143
155
234
343
598
71
355
387
429
509
589
131
321
341
482
495
517
299
371
422
602
676
722
254
416
453
458
675
683
102
254
256
469
527
591
63
142
173
588
654
698
109
228
299
371
457
566
57
159
173
505
698
706
88
141
190
374
497
538
331
390
583
586
714
728
190
223
351
425
470
558
36
53
165
193
328
507
254
469
491
605
650
683
71
186
195
294
355
696
114
128
204
324
374
635
64
224
286
403
460
616
151
214
220
309
600
620
51
235
242
268
324
470
19
61
84
252
313
655
5
114
318
525
635
648
121
169
363
502
703
704
4
267
275
524
637
713
100
331
353
367
586
658
30
35
283
408
565
690
78
129
277
346
391
476
46
59
207
426
543
681
292
410
415
427
634
692
119
504
514
592
673
688
89
260
274
293
304
662
147
294
347
355
387
676
152
200
223
351
562
682
245
329
383
477
492
619
70
352
411
607
661
674
43
85
302
420
479
599
128
132
268
324
396
639
140
284
295
323
511
701
87
329
331
383
475
658
103
129
288
494
544
726
64
214
279
309
370
412
79
92
161
177
504
688
30
174
283
334
677
711
21
82
171
251
406
563
12
54
136
307
451
574
74
246
315
386
533
597
115
281
317
339
447
614
3
8
241
496
519
587
85
267
444
479
484
524
10
25
96
122
516
622
98
191
353
367
703
704
159
359
486
654
698
725
93
125
266
572
601
717
167
215
311
419
466
473
41
94
227
251
306
700
109
135
187
356
465
566
68
120
150
217
659
719
144
175
195
294
379
582
30
50
408
497
556
560
83
275
301
428
456
651
230
292
499
506
553
596
45
271
286
460
513
630
113
130
186
205
373
696
240
265
282
547
570
680
256
367
469
577
605
703
52
99
264
525
575
627
180
261
351
408
562
690
24
272
296
336
559
687
124
536
578
650
675
683
106
188
221
626
685
695
42
60
65
330
457
530
90
340
361
421
709
710
133
145
196
278
400
450
390
501
550
633
721
728
294
422
582
676
678
696
5
11
73
204
285
635
23
100
123
126
353
357
66
135
148
208
227
306
93
124
215
338
473
644
120
134
244
253
322
384
112
122
511
540
565
622
96
159
173
362
592
654
120
246
322
468
700
719
198
584
623
625
663
712
60
80
280
299
305
457
70
83
138
456
629
674
106
270
362
402
427
649
34
47
311
448
535
640
80
139
163
299
602
671
116
156
389
441
545
615
123
313
343
357
598
705
99
121
339
512
627
631
88
267
284
323
484
498
221
236
488
489
685
702
129
271
277
494
579
630
132
264
369
626
639
685
81
157
206
226
297
441
54
243
330
398
451
527
26
51
326
425
438
470
45
244
337
361
384
564
101
487
561
603
673
688
116
210
212
510
545
549
170
201
461
483
552
581
75
264
342
369
627
707
121
287
407
502
512
727
298
373
422
440
602
696
23
100
180
515
690
699
62
223
268
396
467
470
31
76
179
279
309
360
192
375
483
552
694
723
381
394
514
603
642
673
29
45
277
564
568
630
16
133
178
341
400
482
22
140
482
517
532
701
3
160
378
410
606
634
36
53
95
125
239
266
158
537
576
610
628
647
85
298
422
524
582
599
318
449
577
631
648
689
132
268
467
685
695
702
43
175
522
582
599
678
32
57
359
463
687
698
275
352
456
670
674
713
97
180
261
390
699
721
16
279
400
412
513
569
66
218
380
409
476
679
14
32
146
220
576
600
87
189
449
491
577
605
24
272
354
492
604
619
51
53
125
242
285
717
0
86
216
342
533
707
101
164
229
474
546
603
238
258
547
563
570
618
17
85
298
365
444
548
1
156
300
462
542
615
152
313
357
501
655
715
31
110
150
167
217
360
13
194
240
352
546
661
288
349
401
613
645
726
206
297
416
534
536
675
212
404
409
549
556
668
26
425
558
580
633
721
59
106
188
207
402
508
99
316
401
512
575
666
113
186
260
355
429
646
171
258
385
394
563
642
54
56
307
481
595
684
94
218
345
380
452
656
153
296
336
624
638
652
14
32
57
213
335
505
181
248
416
485
536
683
59
101
402
543
561
649
116
200
212
231
404
682
228
280
299
671
718
722
127
359
459
634
692
725
213
329
335
614
658
689
76
196
279
366
370
400
146
257
296
368
523
638
230
245
292
477
692
724
18
21
385
531
563
570
42
60
119
504
574
588
106
221
410
427
508
606
140
183
267
323
670
713
44
71
186
273
429
641
0
121
363
407
627
707
254
256
417
458
583
605
39
145
500
607
629
674
24
336
418
431
454
551
145
184
196
414
500
718
193
199
468
507
693
719
19
62
84
314
467
702
97
122
261
511
517
701
6
30
35
174
556
668
100
180
357
390
501
586
169
191
234
526
598
704
25
230
276
516
553
724
62
170
235
268
489
702
113
137
205
610
646
647
471
541
584
643
663
672
56
76
151
309
370
595
61
375
483
655
669
715
13
321
495
540
543
681
4
140
267
284
444
532
98
121
281
287
339
704
52
197
349
464
520
613
175
413
522
529
657
664
104
202
219
238
291
358
196
278
370
595
671
718
241
413
415
496
522
604
11
263
285
572
621
717
45
218
271
277
337
476
32
63
220
505
620
698
14
137
317
447
576
647
327
399
405
531
551
720
176
230
383
477
499
567
159
362
427
692
724
725
107
181
346
391
485
664
91
232
310
316
612
666
63
173
274
505
518
662
40
141
472
608
624
652
123
143
281
353
598
704
36
77
202
266
291
507
23
89
126
247
293
515
246
253
315
322
446
488
194
258
394
487
546
603
16
29
320
503
513
630
5
272
318
354
449
559
87
98
367
577
658
689
64
412
460
503
513
628
23
123
247
259
636
705
49
50
58
209
439
560
42
308
330
451
574
590
50
108
209
380
452
608
41
201
356
461
465
611
176
189
248
485
529
664
253
289
384
446
569
585
74
188
315
369
488
685
110
167
215
312
338
382
320
455
503
623
663
672
10
233
283
565
622
711
109
139
147
299
305
676
107
277
391
568
573
579
25
96
159
245
706
724
67
92
136
206
226
528
63
80
151
163
220
274
18
291
358
419
473
659
17
130
298
373
541
643
105
138
234
430
526
629
111
172
250
328
406
611
207
402
495
516
543
553
74
242
268
489
639
685
67
103
166
528
544
593
34
219
311
358
473
644
70
138
155
234
265
680
116
231
462
510
554
615
84
152
168
200
313
705
128
197
374
396
520
538
90
227
244
322
361
700
107
499
564
567
568
596
69
86
263
533
597
621
81
136
226
307
433
445
119
173
233
518
588
592
61
105
313
526
598
715
148
227
337
361
653
709
28
83
182
519
587
651
259
429
509
636
641
686
29
384
506
564
585
596
25
230
245
269
383
475
72
104
202
319
493
660
74
246
468
488
489
693
59
75
101
118
426
474
12
81
307
312
382
684
111
192
201
530
552
611
140
183
321
511
517
540
149
161
177
270
432
649
48
52
128
132
197
264
4
178
482
532
643
672
103
344
376
455
494
579
79
332
397
443
490
691
3
415
459
496
594
634
74
342
369
533
621
639
128
264
342
525
635
639
0
98
121
577
631
703
88
190
284
295
326
425
255
420
431
479
484
498
62
84
152
223
558
655
3
241
340
410
415
710
22
97
131
276
517
557
261
295
408
511
560
565
64
134
179
279
286
513
33
214
412
471
610
628
89
247
260
429
589
636
8
187
241
340
356
709
90
236
340
356
461
581
65
162
250
465
530
611
292
402
427
508
553
724
249
262
435
448
640
697
47
225
297
389
441
534
123
126
247
281
447
667
12
81
136
206
453
675
60
63
80
481
518
588
376
455
571
617
623
712
142
307
445
481
574
588
237
417
424
555
583
728
57
272
329
335
619
687
77
82
199
328
406
507
114
141
255
374
520
652
18
21
55
68
82
659
302
418
428
431
479
651
10
25
475
515
699
706
11
86
342
621
635
648
193
199
328
461
552
611
111
192
211
555
590
694
143
234
287
502
680
704
10
122
261
565
690
699
41
90
135
227
356
709
115
310
316
317
537
647
47
156
389
535
641
686
7
147
174
304
305
334
29
45
134
384
513
569
301
418
496
519
594
651
191
424
526
539
669
715
70
240
502
661
680
727
75
407
474
512
575
627
13
411
426
437
661
681
37
182
228
388
566
708
24
359
454
459
619
687
56
76
110
360
382
684
78
166
181
391
416
534
68
94
120
244
656
700
172
250
443
490
514
642
46
59
75
188
369
626
99
257
316
317
339
523
31
120
134
179
217
656
230
269
276
557
567
596
36
95
165
198
350
625
152
180
351
501
558
721
115
143
281
287
609
667
17
125
130
239
365
601
6
20
66
208
409
668
393
460
537
616
628
645
177
362
561
592
649
688
200
404
562
636
686
705
21
68
94
108
251
452
201
457
465
530
566
708
139
147
260
304
355
589
84
200
223
231
462
467
48
52
401
575
613
665
393
455
460
494
503
630
1
106
149
270
606
695
54
60
280
330
481
574
27
153
224
434
624
632
301
325
418
428
551
720
557
567
568
571
573
714
158
393
471
503
628
663
13
101
426
487
543
546
169
191
256
539
591
703
5
11
154
449
491
648
261
295
351
425
701
721
18
77
82
238
291
563
123
143
259
290
343
667
189
203
458
485
605
683
23
35
89
562
636
690
46
75
407
426
437
707
349
403
464
472
679
726
133
321
341
411
450
681
55
117
167
217
419
659
70
240
265
352
442
456
22
532
580
584
623
672
3
364
372
378
519
594
154
189
248
491
578
683
35
404
509
589
636
668
80
151
280
481
595
671
24
302
418
459
496
604
9
141
464
472
520
538
237
417
436
453
458
478
116
156
168
200
462
686
8
182
187
371
566
587
130
186
195
273
319
601
37
61
388
430
526
669
2
184
196
366
395
450
237
550
571
617
714
728
87
272
329
449
492
689
20
148
208
347
387
521
2
69
102
110
312
684
169
184
363
500
591
607
72
158
205
310
493
647
78
348
389
534
545
549
84
168
252
314
462
542
229
232
547
612
618
660
9
212
497
538
556
682
72
232
303
310
423
660
49
183
194
352
442
670
40
209
327
399
439
608
211
332
344
376
397
712
97
269
390
550
557
714
42
79
308
443
504
514
115
447
493
646
647
667
15
48
118
149
161
665
415
459
477
604
619
692
27
327
345
452
608
624
56
142
185
307
382
433
71
294
348
379
387
521
72
130
205
239
319
541
103
332
376
436
478
528
46
188
207
289
315
446
271
403
460
494
645
726
211
308
332
443
478
590
4
298
440
444
524
643
284
425
438
532
580
701
375
555
617
633
694
728
22
320
550
557
571
623
399
428
442
456
670
720
20
348
387
509
549
668
142
433
445
486
654
716
12
254
417
451
453
527
1
15
149
432
554
615
4
133
140
321
482
713
391
416
436
458
485
573
24
302
354
420
431
559
92
177
226
432
445
716
284
326
438
444
484
548
44
247
259
429
646
667
90
236
322
421
468
488
29
131
320
557
568
596
162
171
250
381
406
642
116
389
404
509
549
686
40
88
141
255
439
498
191
256
367
424
583
586
49
323
399
439
498
670
211
350
617
625
694
712
262
301
325
372
594
697
103
129
166
391
436
579
52
114
128
368
520
525
49
209
385
399
442
531
198
303
350
397
423
712
61
105
252
364
372
430
14
146
257
317
335
614
33
178
278
370
400
412
26
165
625
633
694
723
39
228
388
398
500
718
99
257
318
368
525
631
22
97
550
580
701
721
33
151
163
214
370
671
14
126
213
293
447
614
6
30
50
58
108
677
56
63
142
151
481
620
1
222
314
378
542
606
243
388
398
539
669
708
25
97
122
269
276
699
175
294
347
521
657
678
82
291
333
507
659
719
70
169
234
502
607
629
77
202
238
423
618
660
40
399
428
431
498
551
79
92
308
332
528
593
550
580
617
623
625
633
190
324
326
374
396
470
47
156
157
300
441
640
146
153
224
600
616
638
92
136
308
445
504
574
194
240
258
385
442
570
26
95
438
580
584
625
38
144
248
379
536
578
137
247
260
293
447
646
14
137
220
274
293
505
43
302
354
522
529
604
58
171
381
394
677
711
77
172
406
563
618
642
292
410
421
506
508
710
83
138
301
372
430
519
34
47
225
273
641
644
91
232
303
344
397
691
12
54
102
414
527
684
136
308
451
453
478
528
104
238
282
547
609
660
9
210
212
409
464
679
27
117
179
217
360
632
20
66
148
337
346
476
249
252
262
372
378
542
73
85
204
420
484
548
53
193
235
242
489
693
44
104
290
493
609
667
57
213
245
329
475
706
44
186
205
319
493
646
46
289
395
437
450
681
39
145
278
637
718
722
81
124
215
297
312
675
135
148
187
347
657
709
105
168
249
252
313
343
5
43
73
154
354
420
150
246
333
597
693
719
38
93
219
273
601
644
47
157
215
297
311
644
242
285
324
621
635
639
91
288
344
393
494
645
228
280
330
398
457
708
407
426
474
546
661
727
164
229
232
490
666
691
8
37
201
356
566
581
15
67
92
161
432
593
7
65
109
305
457
465
218
271
286
345
403
679
9
50
141
439
497
608
267
275
428
479
498
670
229
258
490
603
618
642
114
296
318
368
559
652
203
237
458
573
583
714
157
226
300
392
433
716
35
89
174
283
304
589
13
183
321
352
411
713
16
29
131
341
569
585
13
112
183
194
487
540
3
8
160
340
364
581
54
280
398
414
595
718
9
345
380
472
608
679
38
124
225
297
536
644
222
270
427
606
634
725
16
178
412
471
503
672
38
71
195
225
273
379
28
39
83
275
637
674
133
145
411
637
674
713
175
181
248
379
521
664
107
176
413
499
653
664
177
445
504
588
592
654
145
184
411
437
450
607
117
405
419
435
466
480
211
237
376
478
555
617
32
146
153
296
335
687
34
44
104
219
273
319
33
278
440
602
671
722
40
327
336
434
551
624
2
102
184
216
414
591
311
358
377
419
435
448
56
185
309
360
620
632
42
111
250
443
530
590
12
102
254
312
650
675
38
144
195
365
572
601
2
31
76
110
366
386
87
176
189
203
383
492
143
155
282
290
609
680
69
124
263
312
338
650
52
99
349
368
401
523
18
238
282
358
377
570
155
265
282
377
448
697
168
259
343
535
686
705
107
176
203
485
567
573
325
377
405
435
697
720
96
233
561
592
622
673
265
377
442
531
570
720
88
204
255
326
374
484
109
187
347
371
676
678
19
160
170
236
581
702
108
162
171
251
306
677
112
394
487
622
673
711
138
265
301
456
697
720
185
392
433
466
480
486
146
317
523
537
576
616
101
118
161
164
649
688
21
55
209
327
452
531
127
222
392
486
716
725
34
44
259
290
535
641
27
55
68
217
452
656
91
288
401
665
666
691
51
204
285
324
326
548
46
315
369
395
533
707
40
255
336
431
559
652
6
9
50
380
409
556
73
125
285
365
548
572
28
275
479
524
599
651
303
344
393
455
663
712
190
223
231
396
538
682
34
104
282
290
358
448
10
89
283
515
662
690
45
134
218
244
286
656
79
161
164
593
665
691
19
62
170
483
655
723
96
362
402
516
561
724
48
132
149
554
626
695
43
144
154
175
248
529
172
232
397
423
490
618
21
58
108
171
209
385
158
205
373
471
541
610
20
78
210
409
476
549
243
256
417
424
527
539
361
499
506
564
653
710
160
221
314
606
695
702
257
272
296
318
335
689
241
413
653
657
709
710
28
39
182
228
371
722
41
90
199
461
468
700
4
133
178
278
440
637
19
37
61
364
483
581
325
405
434
454
480
551
176
413
477
492
529
604
36
77
172
328
350
423
26
62
235
470
558
723
233
283
304
334
518
662
38
93
124
263
572
578
127
262
325
392
435
480
192
243
375
424
555
669
127
359
454
463
480
486
113
139
355
602
676
696
7
109
135
147
208
347
19
160
252
314
364
378
129
210
271
476
679
726
105
138
155
249
372
697
7
41
135
162
306
465
375
501
558
633
655
723
117
185
434
463
480
632
72
158
198
303
541
663
60
65
119
305
334
518
253
289
315
366
386
395
15
67
510
544
545
615
37
192
201
483
669
708
80
139
274
304
305
518
16
22
131
320
482
672
207
289
341
495
585
681
154
189
354
449
492
529
1
222
270
300
432
716
122
276
495
516
517
540
8
37
182
364
430
519
188
221
421
446
488
508
160
221
236
340
410
421
7
65
162
334
381
677
130
195
298
365
582
696
30
58
112
560
565
711
103
288
332
344
593
691
192
243
330
530
590
708
287
547
609
612
680
727
17
51
95
125
438
548
64
179
224
309
600
632
191
353
357
586
598
715
229
474
512
612
666
727
68
82
199
251
700
719
100
269
331
390
475
699
292
413
415
477
499
710
20
78
181
346
348
521
74
242
597
621
693
717
127
222
262
378
594
634
229
240
258
546
547
727
28
371
422
587
599
678
187
241
522
587
657
678
322
361
384
421
446
506
184
216
363
395
437
707
224
345
403
472
624
638
166
206
416
436
453
528
132
197
231
396
467
554
222
262
300
392
542
640
11
73
144
154
572
578
78
129
166
210
544
545
49
112
183
323
511
560
48
75
118
264
575
626
0
86
469
491
577
648
118
164
474
575
665
666
169
388
500
526
539
629
107
277
337
346
564
653
71
225
348
389
509
641
2
76
196
414
595
684
49
58
112
194
385
394
190
295
351
408
497
682
113
137
139
163
260
274
289
341
366
400
450
569
111
165
328
350
552
694
43
73
85
144
365
582
41
162
199
251
406
611
69
110
150
338
386
597
302
496
522
587
599
651
36
72
198
202
239
423
213
293
505
515
662
706
153
336
434
454
463
687
33
113
163
373
602
610
59
106
118
149
626
649
320
455
568
571
579
630
26
51
53
95
165
235
150
167
333
338
473
659
98
126
281
353
614
658
81
157
215
382
433
466
137
163
214
220
576
610
6
66
94
108
306
380
66
94
218
227
244
337
31
134
253
279
366
569
53
266
333
507
693
717
147
174
208
387
589
668
349
368
472
520
638
652
115
287
316
339
512
612
115
310
493
609
612
660
11
86
263
491
578
650
127
325
418
454
459
594
67
166
206
441
534
545
18
55
377
405
419
531
27
179
224
286
345
656
17
438
444
532
584
643
10
96
173
233
662
706
197
212
231
464
510
538
100
126
213
475
515
658
237
376
436
571
573
579
117
167
185
360
382
466
15
48
197
510
554
613
32
153
463
600
620
632
202
219
239
266
319
601
17
95
198
239
541
584
39
83
182
388
430
629
148
346
521
653
657
664
27
55
117
327
405
434
