AdjacencyGraph
1000
6000
0
6
12
18
24
30
36
42
48
54
60
66
72
78
84
90
96
102
108
114
120
126
132
138
144
150
156
162
168
174
180
186
192
198
204
210
216
222
228
234
240
246
252
258
264
270
276
282
288
294
300
306
312
318
324
330
336
342
348
354
360
366
372
378
384
390
396
402
408
414
420
426
432
438
444
450
456
462
468
474
480
486
492
498
504
510
516
522
528
534
540
546
552
558
564
570
576
582
588
594
600
606
612
618
624
630
636
642
648
654
660
666
672
678
684
690
696
702
708
714
720
726
732
738
744
750
756
762
768
774
780
786
792
798
804
810
816
822
828
834
840
846
852
858
864
870
876
882
888
894
900
906
912
918
924
930
936
942
948
954
960
966
972
978
984
990
996
1002
1008
1014
1020
1026
1032
1038
1044
1050
1056
1062
1068
1074
1080
1086
1092
1098
1104
1110
1116
1122
1128
1134
1140
1146
1152
1158
1164
1170
1176
1182
1188
1194
1200
1206
1212
1218
1224
1230
1236
1242
1248
1254
1260
1266
1272
1278
1284
1290
1296
1302
1308
1314
1320
1326
1332
1338
1344
1350
1356
1362
1368
1374
1380
1386
1392
1398
1404
1410
1416
1422
1428
1434
1440
1446
1452
1458
1464
1470
1476
1482
1488
1494
1500
1506
1512
1518
1524
1530
1536
1542
1548
1554
1560
1566
1572
1578
1584
1590
1596
1602
1608
1614
1620
1626
1632
1638
1644
1650
1656
1662
1668
1674
1680
1686
1692
1698
1704
1710
1716
1722
1728
1734
1740
1746
1752
1758
1764
1770
1776
1782
1788
1794
1800
1806
1812
1818
1824
1830
1836
1842
1848
1854
1860
1866
1872
1878
1884
1890
1896
1902
1908
1914
1920
1926
1932
1938
1944
1950
1956
1962
1968
1974
1980
1986
1992
1998
2004
2010
2016
2022
2028
2034
2040
2046
2052
2058
2064
2070
2076
2082
2088
2094
2100
2106
2112
2118
2124
2130
2136
2142
2148
2154
2160
2166
2172
2178
2184
2190
2196
2202
2208
2214
2220
2226
2232
2238
2244
2250
2256
2262
2268
2274
2280
2286
2292
2298
2304
2310
2316
2322
2328
2334
2340
2346
2352
2358
2364
2370
2376
2382
2388
2394
2400
2406
2412
2418
2424
2430
2436
2442
2448
2454
2460
2466
2472
2478
2484
2490
2496
2502
2508
2514
2520
2526
2532
2538
2544
2550
2556
2562
2568
2574
2580
2586
2592
2598
2604
2610
2616
2622
2628
2634
2640
2646
2652
2658
2664
2670
2676
2682
2688
2694
2700
2706
2712
2718
2724
2730
2736
2742
2748
2754
2760
2766
2772
2778
2784
2790
2796
2802
2808
2814
2820
2826
2832
2838
2844
2850
2856
2862
2868
2874
2880
2886
2892
2898
2904
2910
2916
2922
2928
2934
2940
2946
2952
2958
2964
2970
2976
2982
2988
2994
3000
3006
3012
3018
3024
3030
3036
3042
3048
3054
3060
3066
3072
3078
3084
3090
3096
3102
3108
3114
3120
3126
3132
3138
3144
3150
3156
3162
3168
3174
3180
3186
3192
3198
3204
3210
3216
3222
3228
3234
3240
3246
3252
3258
3264
3270
3276
3282
3288
3294
3300
3306
3312
3318
3324
3330
3336
3342
3348
3354
3360
3366
3372
3378
3384
3390
3396
3402
3408
3414
3420
3426
3432
3438
3444
3450
3456
3462
3468
3474
3480
3486
3492
3498
3504
3510
3516
3522
3528
3534
3540
3546
3552
3558
3564
3570
3576
3582
3588
3594
3600
3606
3612
3618
3624
3630
3636
3642
3648
3654
3660
3666
3672
3678
3684
3690
3696
3702
3708
3714
3720
3726
3732
3738
3744
3750
3756
3762
3768
3774
3780
3786
3792
3798
3804
3810
3816
3822
3828
3834
3840
3846
3852
3858
3864
3870
3876
3882
3888
3894
3900
3906
3912
3918
3924
3930
3936
3942
3948
3954
3960
3966
3972
3978
3984
3990
3996
4002
4008
4014
4020
4026
4032
4038
4044
4050
4056
4062
4068
4074
4080
4086
4092
4098
4104
4110
4116
4122
4128
4134
4140
4146
4152
4158
4164
4170
4176
4182
4188
4194
4200
4206
4212
4218
4224
4230
4236
4242
4248
4254
4260
4266
4272
4278
4284
4290
4296
4302
4308
4314
4320
4326
4332
4338
4344
4350
4356
4362
4368
4374
4380
4386
4392
4398
4404
4410
4416
4422
4428
4434
4440
4446
4452
4458
4464
4470
4476
4482
4488
4494
4500
4506
4512
4518
4524
4530
4536
4542
4548
4554
4560
4566
4572
4578
4584
4590
4596
4602
4608
4614
4620
4626
4632
4638
4644
4650
4656
4662
4668
4674
4680
4686
4692
4698
4704
4710
4716
4722
4728
4734
4740
4746
4752
4758
4764
4770
4776
4782
4788
4794
4800
4806
4812
4818
4824
4830
4836
4842
4848
4854
4860
4866
4872
4878
4884
4890
4896
4902
4908
4914
4920
4926
4932
4938
4944
4950
4956
4962
4968
4974
4980
4986
4992
4998
5004
5010
5016
5022
5028
5034
5040
5046
5052
5058
5064
5070
5076
5082
5088
5094
5100
5106
5112
5118
5124
5130
5136
5142
5148
5154
5160
5166
5172
5178
5184
5190
5196
5202
5208
5214
5220
5226
5232
5238
5244
5250
5256
5262
5268
5274
5280
5286
5292
5298
5304
5310
5316
5322
5328
5334
5340
5346
5352
5358
5364
5370
5376
5382
5388
5394
5400
5406
5412
5418
5424
5430
5436
5442
5448
5454
5460
5466
5472
5478
5484
5490
5496
5502
5508
5514
5520
5526
5532
5538
5544
5550
5556
5562
5568
5574
5580
5586
5592
5598
5604
5610
5616
5622
5628
5634
5640
5646
5652
5658
5664
5670
5676
5682
5688
5694
5700
5706
5712
5718
5724
5730
5736
5742
5748
5754
5760
5766
5772
5778
5784
5790
5796
5802
5808
5814
5820
5826
5832
5838
5844
5850
5856
5862
5868
5874
5880
5886
5892
5898
5904
5910
5916
5922
5928
5934
5940
5946
5952
5958
5964
5970
5976
5982
5988
5994
121
306
502
773
889
922
84
177
314
432
440
471
69
110
145
338
556
562
41
75
445
617
714
746
133
178
300
400
504
848
60
113
307
658
858
914
30
66
216
703
711
825
135
175
334
342
738
938
106
333
500
604
631
719
414
679
819
844
936
969
35
263
283
696
729
783
125
460
483
767
835
880
106
190
500
747
896
945
46
181
194
453
536
950
17
40
90
478
640
670
28
79
231
440
593
956
435
436
462
476
706
747
14
421
508
851
898
978
155
176
203
217
269
659
314
606
616
742
837
944
346
391
502
668
771
889
60
174
388
515
614
658
29
142
157
320
433
733
100
120
386
636
778
804
315
325
520
534
677
961
40
175
241
387
738
980
142
268
463
470
625
733
64
179
327
424
501
531
15
302
651
718
722
849
22
45
244
535
840
982
6
69
409
556
622
949
135
175
387
612
739
779
137
220
235
454
552
785
125
174
515
726
835
993
495
596
644
667
757
884
10
216
386
549
668
690
53
198
619
693
927
963
364
616
652
708
784
864
112
273
307
516
844
890
43
247
280
385
787
998
14
25
290
892
929
978
3
347
723
754
857
897
65
204
267
465
530
559
39
88
207
799
860
988
207
273
506
644
667
988
29
94
320
343
630
985
13
71
426
681
793
920
259
535
781
840
852
951
132
164
371
396
602
665
59
154
332
415
505
641
102
112
256
380
679
844
95
392
438
639
654
698
128
299
374
401
457
666
36
57
74
127
242
903
141
398
732
741
805
977
144
224
534
684
891
961
108
375
423
554
609
629
53
293
328
619
836
960
112
380
394
605
650
691
49
101
294
635
685
906
5
21
425
446
641
725
64
252
378
403
424
669
151
467
600
633
695
873
80
139
235
274
324
870
27
61
84
412
471
816
42
135
504
797
938
981
6
265
337
677
680
751
125
388
427
515
605
691
100
120
134
353
563
656
2
30
93
216
690
776
78
265
551
573
607
751
46
207
536
799
801
812
228
239
310
537
736
908
177
432
592
789
877
932
53
293
339
369
662
693
3
108
402
499
629
754
167
278
360
682
842
867
106
492
496
507
604
945
70
391
411
549
668
968
15
85
302
449
811
972
63
128
142
268
299
676
514
688
694
756
773
889
155
175
241
301
497
779
544
850
872
879
911
925
1
64
370
501
655
769
79
177
298
381
440
932
308
514
597
694
701
912
560
610
753
762
774
875
43
119
366
469
886
998
246
458
509
533
829
895
14
421
447
611
863
892
303
496
566
708
864
945
420
432
444
479
615
877
69
172
263
338
622
783
45
189
218
244
353
940
51
127
242
262
359
584
233
239
541
572
830
946
104
215
261
358
419
916
155
335
460
659
779
794
109
114
316
525
832
883
23
68
150
357
383
705
59
195
505
603
626
782
50
124
312
408
591
879
129
210
275
544
911
941
97
108
219
499
553
609
191
249
262
271
286
526
8
12
77
546
765
967
234
258
285
487
565
898
56
75
104
291
404
746
99
575
657
901
937
939
2
167
180
408
473
842
284
428
458
775
829
965
38
50
58
124
683
725
5
184
425
468
475
888
99
204
368
484
530
939
251
277
427
838
935
976
145
200
400
562
848
975
309
360
405
567
721
728
132
164
603
626
678
913
88
305
628
743
838
887
23
68
123
253
569
882
0
208
287
653
934
995
124
219
234
408
473
565
120
244
259
353
535
878
102
112
122
516
650
827
11
33
67
367
524
808
259
700
758
796
839
878
53
95
663
745
927
960
52
80
324
326
575
939
103
409
579
674
720
919
205
610
649
734
762
908
258
332
446
641
851
898
48
118
163
268
299
470
4
267
545
713
828
947
68
343
513
569
705
894
7
31
65
465
627
709
140
321
330
451
498
948
32
236
646
685
777
906
380
630
679
924
954
985
63
264
294
355
676
685
136
482
574
852
951
979
54
323
349
451
866
948
22
26
80
326
481
870
337
384
448
704
884
992
55
195
603
802
909
913
2
116
210
275
776
842
170
201
336
576
647
824
304
518
627
902
937
964
208
407
570
653
869
942
373
422
467
695
811
833
100
386
690
792
947
966
62
396
602
620
752
983
172
263
325
520
608
696
336
551
576
600
831
873
49
186
277
394
427
691
18
82
98
185
318
354
529
589
628
684
838
935
22
326
482
535
951
953
185
234
290
402
473
487
172
335
390
696
783
794
537
581
606
734
908
944
214
376
379
429
494
832
381
789
863
892
929
932
132
220
602
620
702
913
48
118
240
490
522
582
350
489
625
687
698
924
431
545
549
713
952
968
76
110
230
261
419
803
300
313
357
400
513
705
409
579
917
949
954
985
146
220
221
552
702
923
251
277
394
491
704
992
93
152
159
285
487
686
242
304
518
584
903
905
21
33
524
648
692
730
7
25
31
82
297
539
18
238
354
664
826
861
1
73
85
270
795
990
4
279
412
444
542
615
27
279
412
715
826
867
110
200
217
269
562
803
13
348
399
485
737
793
344
397
398
519
613
732
321
323
416
451
453
950
113
640
670
788
821
858
155
158
241
269
335
472
154
258
285
332
351
578
376
383
429
460
794
880
355
488
489
635
646
685
94
251
394
427
605
744
12
319
363
428
810
900
105
209
256
598
868
943
319
413
428
458
494
671
328
350
488
489
809
836
13
426
485
735
807
815
101
144
224
777
906
974
341
413
428
775
800
810
396
613
665
732
741
752
36
303
706
856
903
987
213
406
468
689
888
904
116
180
279
615
842
867
146
340
431
530
559
581
228
310
477
660
701
724
18
318
331
586
664
996
42
114
226
525
588
797
130
576
601
647
749
798
248
524
707
730
959
999
43
44
71
540
543
886
121
148
346
756
790
889
191
248
254
526
735
807
103
145
212
409
556
954
291
307
404
516
827
858
210
408
544
682
842
879
199
293
329
619
693
841
161
222
417
657
881
893
97
276
312
511
553
986
6
35
69
263
607
751
18
180
279
586
792
826
94
256
380
598
605
630
104
122
230
261
404
516
32
163
170
268
463
777
170
236
647
749
777
974
214
376
818
880
882
976
231
309
558
595
721
956
55
195
332
351
505
843
323
495
536
763
801
950
204
267
484
532
548
828
306
361
564
577
772
845
72
202
319
413
761
810
333
474
575
657
782
881
167
219
238
402
473
499
15
223
370
510
718
916
500
566
604
736
901
945
96
334
717
795
847
990
107
122
158
404
478
827
32
63
268
489
625
685
137
221
317
421
508
552
346
391
405
442
728
837
176
230
269
472
803
869
72
96
362
810
900
984
164
603
631
675
855
909
25
82
185
290
723
780
53
95
173
369
639
836
403
451
453
645
669
866
29
94
123
251
384
704
303
507
706
747
945
946
89
289
758
839
862
920
39
329
546
765
822
841
206
209
759
812
868
890
105
343
392
513
598
630
257
479
611
877
892
932
115
171
189
244
700
878
61
412
542
715
910
991
120
259
289
636
839
852
209
256
750
844
890
936
368
484
574
590
652
979
50
191
218
254
271
683
250
443
461
824
918
981
107
131
186
650
691
827
47
123
126
253
384
763
293
355
369
488
614
836
97
167
219
312
408
682
95
105
392
455
503
745
10
93
152
216
711
922
139
324
474
575
937
964
66
70
377
568
764
825
361
366
423
554
772
814
42
133
226
504
871
921
26
80
132
220
235
626
18
180
185
238
473
699
177
298
314
541
572
606
105
256
455
630
679
936
302
328
651
788
809
972
38
44
288
511
543
553
63
355
489
639
698
836
103
145
443
637
674
848
215
358
382
506
596
644
115
154
171
351
505
594
76
370
510
637
769
962
178
179
200
217
313
400
39
365
393
822
914
988
375
423
560
814
875
994
287
358
550
596
680
995
10
668
694
889
912
922
111
456
459
681
770
793
107
172
186
520
622
933
105
313
345
503
513
943
121
282
306
361
423
609
273
291
307
860
914
988
246
253
321
509
763
950
40
158
241
445
478
748
108
211
288
553
554
973
340
493
660
710
724
731
57
74
213
260
468
475
59
139
410
415
474
782
382
538
644
740
757
819
325
601
608
624
766
961
175
342
437
497
739
997
85
270
373
673
811
899
52
80
132
371
481
678
4
168
542
548
672
828
82
354
528
539
723
857
28
79
272
599
689
904
91
198
245
634
645
963
147
173
342
369
662
997
119
366
594
772
845
855
0
227
287
315
677
680
5
38
211
288
707
725
86
376
458
494
818
895
117
223
370
632
655
899
72
202
316
523
798
883
448
517
557
757
859
884
102
215
261
414
516
844
168
279
286
542
586
715
1
19
270
655
899
928
24
306
423
772
773
994
99
310
340
465
530
660
236
356
647
813
824
918
155
203
430
460
483
497
190
192
228
477
500
736
22
45
623
697
870
953
136
183
289
781
852
926
347
572
753
774
830
897
141
183
225
439
781
805
63
128
264
438
588
639
24
152
296
694
773
922
128
142
157
374
438
874
27
399
442
728
737
816
57
193
272
418
468
904
213
247
397
406
492
507
136
566
574
652
708
915
203
357
383
460
659
767
49
131
186
224
906
933
8
229
529
589
618
666
7
233
539
592
621
789
98
159
185
487
699
780
146
153
431
768
923
952
66
143
564
568
577
703
2
93
473
487
565
699
74
462
475
476
648
730
201
292
316
356
647
798
196
347
456
459
830
857
7
297
304
621
627
905
45
134
249
353
535
953
182
619
849
927
957
960
286
526
715
735
815
991
20
208
237
570
661
995
41
322
341
714
800
942
181
416
509
661
829
950
141
496
519
708
732
915
165
193
359
418
872
925
186
224
277
491
520
534
391
411
442
771
885
926
68
94
123
343
598
744
155
176
301
430
472
989
139
188
260
274
410
964
317
340
465
559
709
710
100
168
331
586
656
792
97
276
282
567
609
721
95
350
455
698
836
960
76
117
370
419
501
916
227
266
287
506
596
667
239
572
606
753
762
908
190
435
459
747
830
946
37
378
634
645
669
928
280
366
675
814
855
998
88
266
305
365
667
988
125
598
605
744
767
868
114
255
457
523
791
883
74
242
260
304
648
964
84
231
278
309
360
440
48
299
401
522
587
930
404
445
478
640
746
858
149
298
606
734
742
762
52
326
481
574
915
951
56
281
393
450
714
746
161
187
222
308
597
778
265
550
557
573
633
680
61
364
471
856
910
987
161
493
561
597
660
701
50
58
138
218
591
940
85
162
449
617
673
990
276
295
466
595
721
986
100
187
331
563
778
966
143
244
259
585
700
840
39
547
658
841
860
914
23
35
150
395
729
755
25
31
709
710
780
978
21
67
524
683
707
725
411
636
804
852
926
979
159
493
561
686
710
780
20
78
237
352
555
573
51
249
262
623
672
953
280
375
452
554
814
973
58
154
171
189
578
940
386
411
636
668
771
912
48
151
197
470
859
930
182
329
587
619
820
963
54
182
538
740
866
957
181
327
416
424
453
669
4
116
168
279
792
947
52
371
496
566
604
915
75
158
230
404
445
472
61
243
815
856
971
991
108
211
219
234
372
402
117
237
550
573
632
995
199
329
490
642
820
822
148
456
737
790
793
861
102
110
122
212
261
556
30
129
169
210
776
825
294
355
515
614
635
726
78
352
389
395
755
786
64
178
179
252
643
769
192
196
228
514
688
701
9
312
682
850
879
986
49
294
427
515
935
993
183
348
399
442
784
926
214
429
835
853
880
993
328
350
651
849
960
969
97
167
360
499
567
854
92
443
504
848
871
981
17
90
236
461
646
918
149
599
602
665
752
958
56
266
281
287
315
934
27
61
399
485
715
815
60
113
488
614
635
670
46
194
521
712
759
812
67
115
154
189
415
808
111
190
192
196
459
896
161
187
417
512
561
817
318
354
528
664
770
999
166
201
336
831
871
921
1
73
92
643
769
962
22
481
580
840
951
977
551
555
573
600
632
633
16
363
437
717
727
847
16
486
547
712
727
876
297
435
476
528
539
621
51
324
326
532
870
953
323
453
536
740
846
866
1
15
85
370
899
962
482
484
713
804
828
979
237
327
352
416
661
823
257
275
420
479
768
941
92
178
504
643
716
938
3
290
372
402
723
929
60
131
478
670
827
858
90
488
646
670
788
809
143
311
568
580
840
982
79
381
689
760
863
907
375
452
760
774
875
907
136
141
183
243
708
784
393
450
642
821
822
970
13
183
243
399
439
815
32
463
579
625
687
919
262
271
359
623
834
872
284
341
407
775
942
989
52
368
566
574
901
939
89
111
192
308
514
862
284
341
363
428
727
876
11
98
187
318
331
817
257
421
552
611
785
941
16
339
546
547
693
841
26
220
454
571
620
923
538
718
819
849
957
969
42
135
316
356
525
612
382
550
557
596
757
955
62
149
558
742
752
956
113
199
293
328
488
788
88
799
801
887
965
967
26
132
396
481
580
620
1
64
378
643
795
928
185
238
354
402
723
754
110
122
158
230
269
338
229
264
294
726
853
993
113
293
339
614
658
841
16
339
437
486
662
997
202
319
494
618
832
883
14
234
290
372
446
898
92
250
443
637
806
962
568
571
580
620
764
983
142
299
374
433
470
930
140
157
441
569
874
894
11
318
524
692
996
999
114
226
255
441
874
921
181
194
424
521
531
583
436
476
528
692
730
999
107
158
172
335
338
748
188
193
260
425
447
468
165
188
193
235
274
785
164
406
492
665
675
958
171
351
577
578
703
711
77
329
490
522
587
765
292
379
390
608
624
696
161
192
308
477
701
893
34
225
540
585
805
886
77
91
349
401
587
963
82
297
318
528
692
817
136
652
784
885
926
979
75
104
230
419
653
869
8
12
232
319
618
671
27
84
360
728
854
867
0
20
573
680
751
995
262
286
542
584
672
991
4
65
267
420
444
548
49
101
224
277
684
935
44
276
361
553
554
609
77
245
329
546
693
963
17
236
813
906
933
974
89
289
348
636
771
926
231
278
544
593
682
850
215
273
644
750
819
844
429
525
612
739
832
853
134
168
249
286
656
672
81
86
413
458
533
775
21
33
67
410
415
641
38
124
211
219
312
553
311
585
781
805
840
977
147
173
588
639
654
797
182
349
645
866
927
963
24
152
285
351
711
843
426
485
664
770
793
861
164
371
492
604
631
678
310
368
530
537
581
590
125
174
206
388
483
868
99
204
465
512
627
937
105
209
345
745
846
936
740
750
819
846
936
957
301
430
437
486
497
727
156
333
603
631
678
782
42
114
201
316
523
921
27
485
737
826
854
861
226
438
588
654
874
894
89
514
771
790
889
912
24
55
351
577
594
772
29
47
123
157
343
569
13
71
225
439
540
807
72
160
523
638
791
984
295
398
464
595
613
741
175
301
334
437
847
980
207
495
536
644
740
750
96
270
634
795
928
984
178
252
300
313
503
716
207
273
750
812
860
890
83
103
212
510
637
806
133
166
674
848
871
975
106
247
462
507
747
787
385
436
462
730
787
959
226
300
504
654
716
797
35
78
166
607
755
975
282
377
405
466
558
721
70
153
434
764
952
968
32
170
236
461
824
919
104
215
273
291
506
516
56
266
291
393
506
988
391
434
837
885
944
968
2
30
210
408
565
591
311
377
466
564
568
983
223
467
550
632
633
955
42
201
356
824
871
981
87
281
714
766
800
934
379
390
429
612
779
794
2
116
180
690
699
792
68
383
744
767
880
882
227
337
557
596
680
884
107
122
338
556
622
650
91
232
330
401
457
791
117
358
419
570
653
995
265
337
448
480
557
917
120
134
482
535
804
852
148
346
567
728
737
854
463
480
579
720
733
917
96
270
322
362
673
990
70
377
391
405
434
502
140
255
330
374
457
874
109
128
229
264
666
676
146
153
205
581
702
734
227
337
491
534
677
992
186
394
491
622
650
949
129
169
454
571
697
911
433
448
470
480
733
859
160
201
523
576
798
831
164
602
649
909
913
958
485
586
664
715
735
826
95
173
503
654
663
716
384
495
517
743
763
884
203
217
313
357
583
943
371
397
492
496
665
732
204
324
518
532
937
939
156
333
719
796
881
893
255
523
638
786
831
921
102
380
556
650
949
954
73
334
643
795
865
938
15
510
651
806
962
972
277
305
534
684
838
992
223
382
538
718
722
955
34
276
282
361
466
564
86
376
379
696
729
794
191
218
249
353
367
656
302
422
642
722
811
820
62
153
434
734
742
944
205
296
610
724
731
802
48
151
163
422
582
695
101
118
144
240
529
684
8
77
232
401
522
666
58
67
189
218
367
683
19
160
270
362
373
984
70
216
549
776
825
952
152
296
493
686
731
843
56
104
287
358
506
653
87
130
601
761
766
931
90
250
461
806
809
972
31
465
512
561
660
710
182
197
538
722
820
849
21
260
410
425
475
648
92
178
200
637
769
848
19
37
638
823
928
984
3
381
760
774
897
929
333
477
500
657
893
901
36
57
213
344
397
904
151
163
463
470
480
873
334
342
437
662
717
865
30
93
285
565
578
711
320
392
455
630
698
924
296
493
688
694
701
724
26
165
235
454
697
870
101
118
268
676
685
777
135
147
342
525
739
797
119
156
631
719
855
998
56
75
653
714
934
942
45
138
218
249
271
623
8
240
522
529
628
765
309
405
434
558
742
837
62
377
434
558
764
983
303
364
541
864
946
987
59
188
410
425
641
851
23
253
389
395
509
895
275
278
479
544
615
842
537
590
616
652
885
944
51
242
274
324
518
964
14
184
372
760
863
929
49
60
131
515
635
691
406
452
599
689
907
958
412
432
444
471
592
910
34
44
276
295
511
540
243
303
364
519
708
856
137
188
421
447
785
851
146
205
221
317
340
731
174
339
369
614
726
997
130
582
695
749
833
931
58
124
258
565
578
591
28
272
418
593
850
925
37
255
330
498
638
791
121
148
499
567
609
629
51
518
532
548
584
672
84
309
314
728
816
837
68
357
513
598
767
943
109
214
229
618
832
853
5
21
385
475
707
730
18
98
331
699
792
966
202
292
316
379
612
832
346
348
442
737
771
790
74
304
476
621
706
903
127
584
856
903
910
991
176
203
430
521
583
759
48
197
422
490
587
820
52
333
575
604
678
901
34
44
361
366
845
886
20
35
78
283
395
751
61
243
364
399
784
816
14
184
425
446
447
851
192
500
719
862
893
896
300
392
503
513
654
894
298
381
572
762
774
907
129
275
545
768
776
952
240
365
490
765
822
970
80
139
575
626
678
782
24
66
306
577
711
922
118
299
522
529
666
676
9
50
138
271
872
879
66
282
306
377
502
564
46
284
712
799
876
965
76
212
261
414
510
916
112
256
388
605
868
890
55
156
505
594
603
855
59
137
139
188
235
626
172
390
608
748
813
933
165
454
785
911
925
941
81
413
624
761
766
800
199
302
449
642
788
821
35
69
150
562
783
975
58
67
154
258
641
725
174
483
486
497
835
997
36
74
213
462
507
706
81
86
283
325
624
696
62
149
602
649
702
734
10
152
159
493
597
694
320
579
625
733
924
985
51
165
274
359
623
870
269
335
338
562
659
783
126
251
384
743
838
992
86
202
379
413
494
624
163
170
576
695
749
873
6
337
491
704
917
949
143
171
244
703
940
982
100
134
168
804
828
947
16
198
245
662
693
717
206
307
388
658
860
890
37
91
330
349
451
645
135
356
387
738
918
981
292
356
387
390
612
813
6
263
491
520
622
677
426
436
681
770
959
999
133
166
441
755
786
921
3
347
375
560
629
774
179
252
313
345
424
583
444
542
548
584
905
910
233
435
621
706
946
987
28
231
464
595
850
986
8
589
628
671
887
967
129
571
764
825
923
952
117
223
358
382
550
916
28
595
599
613
752
956
41
241
301
445
472
980
202
292
601
624
761
798
60
112
307
388
691
827
33
410
474
648
902
964
435
436
459
528
770
857
117
237
327
501
570
655
10
386
597
778
912
966
174
206
339
486
547
658
292
601
608
647
813
974
54
182
197
349
587
930
22
26
571
580
697
982
130
160
373
576
600
695
194
209
345
583
759
943
72
232
319
791
883
900
181
327
407
531
570
661
7
25
709
789
877
892
31
297
512
627
817
902
295
398
439
527
540
805
54
197
538
757
859
955
19
373
467
600
632
899
119
585
700
758
845
886
189
353
367
563
808
878
127
262
526
834
971
991
3
108
372
375
760
973
12
16
245
363
546
876
290
487
686
780
898
978
205
221
649
702
802
913
254
511
527
540
543
807
66
70
216
502
668
922
151
197
422
467
722
955
87
322
362
761
800
810
41
75
472
869
942
989
386
411
549
713
804
947
81
208
775
800
934
942
34
295
311
466
741
805
126
246
743
763
801
887
248
426
664
735
996
999
449
450
617
640
746
821
228
610
688
724
753
908
87
130
362
373
673
833
225
259
289
585
758
781
265
480
551
633
720
873
106
247
492
631
675
998
296
560
610
688
773
994
11
331
367
563
656
996
336
443
674
824
871
919
84
278
412
432
615
867
284
430
521
712
727
989
20
352
395
509
533
661
227
266
305
315
534
891
0
81
315
325
766
934
87
322
450
617
673
714
111
196
456
514
756
790
69
145
409
607
674
975
137
195
220
221
626
913
23
376
383
729
882
895
31
82
98
561
780
817
241
335
387
390
748
779
47
321
323
517
763
948
101
229
294
529
676
935
10
93
159
690
699
966
37
416
451
498
669
823
32
461
489
646
687
809
411
590
713
885
968
979
39
546
547
799
876
967
184
272
447
468
689
863
73
162
334
738
980
990
208
407
533
661
775
829
368
537
566
652
736
864
150
217
357
400
562
659
46
181
284
407
521
829
98
159
187
561
597
966
177
233
471
541
592
987
126
589
818
838
887
976
65
204
518
548
627
905
205
310
340
581
724
908
43
71
469
681
787
959
196
347
560
688
753
756
71
225
469
758
886
920
144
601
749
931
961
974
167
180
238
826
854
867
23
389
441
569
705
755
54
323
495
517
740
757
479
544
593
611
925
941
194
209
536
750
812
846
125
427
744
880
976
993
193
272
447
611
785
925
190
196
228
239
753
830
79
149
298
599
907
956
71
248
426
543
807
959
317
508
686
710
731
978
266
281
365
393
891
970
194
345
403
424
453
846
64
327
655
669
823
928
429
460
497
739
779
835
222
308
796
839
862
893
9
295
464
511
527
986
397
406
599
613
665
904
184
452
689
760
888
973
247
280
406
452
675
888
442
616
784
816
837
885
146
257
317
552
559
768
6
265
409
607
720
917
176
179
217
531
583
803
124
211
234
258
446
725
133
226
300
441
705
894
89
111
348
790
793
920
96
322
341
363
810
847
153
431
581
590
944
968
99
161
477
512
657
660
149
649
762
875
907
958
455
745
936
957
960
969
11
33
417
692
817
902
57
193
242
260
274
359
19
237
555
632
655
823
115
119
156
594
700
796
126
246
253
818
882
895
29
47
384
433
448
517
213
247
385
462
475
888
76
110
145
200
212
637
224
520
608
933
961
974
9
38
50
254
312
511
227
305
667
743
884
992
439
526
527
807
815
971
233
435
539
830
857
897
4
116
275
420
545
615
28
344
418
464
613
904
83
414
510
651
718
969
17
131
635
646
670
906
47
140
253
321
389
569
417
474
512
657
902
937
419
501
531
570
803
869
240
305
365
628
684
891
198
378
403
645
663
927
41
301
341
727
847
989
5
184
211
372
446
973
311
396
580
741
977
983
43
288
385
543
707
959
176
407
521
531
869
989
246
458
671
818
887
965
90
162
449
640
788
972
37
91
634
791
900
984
592
621
903
905
910
987
141
243
398
439
519
971
76
179
200
501
769
803
191
248
367
524
683
996
148
238
499
754
854
861
63
142
320
438
625
698
267
420
431
545
559
768
83
350
455
679
924
969
62
153
620
702
764
923
326
482
484
532
574
939
87
281
450
833
931
970
436
459
681
747
787
896
73
92
250
738
938
981
123
126
251
744
882
976
83
102
212
414
679
954
11
187
222
417
563
808
214
229
589
935
976
993
120
222
563
778
839
878
99
310
368
477
736
901
34
143
311
564
585
845
352
498
555
638
786
823
88
207
495
667
743
801
119
469
719
758
796
862
113
199
821
822
841
914
0
20
81
208
283
533
38
248
254
543
683
707
55
772
814
855
909
994
40
90
162
250
738
918
214
494
589
618
671
818
134
482
532
672
828
953
89
308
636
778
839
912
12
428
671
876
965
967
41
322
617
847
980
990
17
107
131
478
748
933
298
309
314
440
742
956
190
239
736
864
945
946
109
232
457
618
666
883
147
726
739
835
853
997
53
173
198
662
663
865
199
302
328
619
820
849
173
342
716
797
865
938
59
137
195
332
508
851
449
450
642
673
811
833
72
130
160
362
761
798
144
240
582
891
931
970
252
378
643
663
716
865
83
103
579
687
924
954
86
283
395
533
729
895
118
144
163
582
749
777
5
280
288
385
888
973
330
349
374
401
930
948
97
231
360
682
721
986
169
568
571
703
825
982
257
317
421
709
892
978
129
454
552
768
923
941
46
246
801
829
950
965
267
431
484
530
590
713
0
263
283
325
677
751
170
336
463
720
873
919
138
165
623
697
872
911
83
350
651
687
806
809
321
352
389
416
498
509
36
127
344
519
856
971
314
364
471
541
616
816
40
162
445
617
640
980
371
396
481
732
915
977
610
649
802
875
909
994
73
85
162
250
962
972
285
332
508
686
843
898
121
423
560
629
756
773
115
156
415
505
782
881
9
254
271
526
527
834
109
147
264
525
588
853
7
65
444
592
877
905
109
114
128
457
588
874
94
380
394
704
949
985
103
443
461
687
806
919
148
347
456
629
754
756
191
286
586
656
735
996
19
160
555
600
638
831
12
77
91
232
245
900
96
245
363
634
717
900
133
150
400
705
755
975
136
141
781
915
951
977
30
169
578
591
703
940
13
183
225
289
348
920
47
140
157
374
433
948
166
336
551
607
674
720
157
320
343
392
438
894
138
169
210
591
879
911
466
558
595
741
752
983
15
223
467
722
811
899
344
398
464
527
834
971
422
490
582
642
833
970
206
547
712
799
812
860
57
127
344
359
418
834
24
55
296
802
843
994
278
432
440
479
593
932
36
303
397
496
507
519
147
264
355
369
639
726
111
469
681
862
896
920
150
383
659
729
783
794
106
469
719
787
896
998
78
166
551
555
786
831
9
418
464
834
850
872
452
675
814
875
909
958
403
745
846
866
927
957
79
272
593
611
863
932
291
393
746
821
858
914
195
221
508
731
802
843
116
545
549
690
776
947
115
222
796
808
878
881
54
433
517
859
930
948
17
40
387
748
813
918
140
255
389
441
498
786
25
539
723
789
897
929
65
257
420
559
709
877
29
448
704
733
917
985
151
480
557
633
859
955
239
537
541
606
616
864
45
138
169
697
940
982
215
382
414
718
819
916
198
378
634
717
795
865
43
44
280
288
366
554
354
456
754
770
857
861
177
233
381
572
789
897
252
345
403
503
663
745
143
171
577
594
700
845
33
415
417
474
808
881
281
315
766
891
931
961
121
282
346
405
502
567
203
483
759
767
868
943
297
304
476
648
692
902
39
88
365
628
765
967
206
430
483
486
712
759
