AdjacencyGraph
125
750
0
6
12
18
24
30
36
42
48
54
60
66
72
78
84
90
96
102
108
114
120
126
132
138
144
150
156
162
168
174
180
186
192
198
204
210
216
222
228
234
240
246
252
258
264
270
276
282
288
294
300
306
312
318
324
330
336
342
348
354
360
366
372
378
384
390
396
402
408
414
420
426
432
438
444
450
456
462
468
474
480
486
492
498
504
510
516
522
528
534
540
546
552
558
564
570
576
582
588
594
600
606
612
618
624
630
636
642
648
654
660
666
672
678
684
690
696
702
708
714
720
726
732
738
744
20
28
66
71
87
114
31
39
42
45
76
99
7
44
88
89
98
114
49
51
63
104
117
121
5
10
15
42
45
77
4
14
17
59
95
102
21
33
52
96
120
123
2
41
57
67
102
108
18
26
37
73
94
115
35
55
56
110
120
123
4
16
35
67
102
110
12
28
32
46
50
71
11
26
30
62
101
122
34
38
41
100
103
108
5
15
33
83
103
107
4
14
35
64
75
123
10
20
45
54
88
114
5
22
33
96
97
113
8
38
44
62
108
112
44
54
70
88
112
116
0
16
51
53
110
121
6
78
79
104
117
122
17
23
57
82
102
105
22
33
36
83
120
124
32
40
46
91
92
106
34
41
42
67
93
99
8
12
55
56
71
81
29
41
57
92
97
100
0
11
53
72
89
90
27
47
68
72
90
93
12
36
55
68
90
120
1
49
66
74
86
121
11
24
44
62
70
89
6
14
17
23
78
119
13
25
37
64
69
94
9
10
15
83
94
115
23
30
57
62
100
108
8
34
38
81
111
118
13
18
37
40
58
106
1
48
49
63
111
118
24
38
60
62
100
101
7
13
25
27
95
98
1
4
25
64
86
95
70
78
91
104
113
116
2
18
19
32
73
106
1
4
16
59
63
121
11
24
65
72
80
101
29
52
74
86
96
97
39
58
76
91
106
116
3
31
39
65
80
109
11
51
53
70
104
122
3
20
50
54
56
71
6
47
68
79
84
119
20
28
50
82
85
105
16
19
51
63
73
115
9
26
30
69
87
94
9
26
51
115
117
122
7
22
27
36
89
90
38
48
60
103
107
118
5
45
76
88
113
116
40
58
78
79
91
119
74
76
91
92
97
113
12
18
32
36
40
124
3
39
45
54
75
116
15
34
42
84
103
118
46
49
66
71
81
111
0
31
65
72
93
99
7
10
25
87
94
114
29
30
52
69
100
101
34
55
68
81
84
93
19
32
43
50
105
124
0
11
26
51
65
73
28
29
46
66
74
92
8
44
54
71
111
114
31
47
61
72
80
85
15
63
107
115
117
118
1
48
59
61
95
98
4
86
96
110
121
123
21
33
43
60
107
124
21
52
60
80
101
109
46
49
74
79
91
104
26
37
65
69
101
109
22
53
90
96
110
120
14
23
35
102
108
112
52
64
69
86
109
123
53
74
96
104
113
121
31
42
47
77
84
93
0
55
67
90
93
110
2
16
19
59
102
105
2
28
32
57
92
105
28
29
30
57
82
87
24
43
48
60
61
80
24
27
61
72
89
98
25
29
66
69
86
87
8
34
35
55
67
108
5
41
42
76
97
103
6
17
47
77
82
85
17
27
47
61
95
119
2
41
76
92
99
106
1
25
66
98
111
114
13
27
36
40
68
119
12
40
46
68
79
81
5
7
10
22
83
88
13
14
58
64
95
119
3
21
43
50
80
85
22
53
70
88
89
113
24
38
44
48
98
111
14
58
75
78
112
116
7
13
18
36
83
94
49
79
81
84
117
118
9
10
20
77
82
87
37
39
65
73
99
106
18
19
83
107
115
124
17
43
59
61
85
105
0
2
16
67
73
99
8
35
54
56
75
112
19
43
48
59
63
107
3
21
56
75
109
123
37
39
58
64
75
109
33
52
60
97
100
103
6
9
23
30
82
122
3
20
31
45
77
85
12
21
50
56
120
124
6
9
15
77
84
117
23
62
70
78
112
122
